1 0.533758 0.981511 0.002251 0.001608
1 0.719055 0.207395 0.081770 0.056270
1 0.029632 0.937701 0.059265 0.119775
1 0.328207 0.200965 0.129782 0.046624
1 0.018755 0.045820 0.037509 0.091640
1 0.259940 0.477090 0.071268 0.135852
1 0.816204 0.727492 0.129032 0.167203
1 0.618155 0.831190 0.060015 0.046624
1 0.957614 0.215836 0.053263 0.050643
1 0.885221 0.216238 0.057014 0.046624
1 0.587022 0.229502 0.095274 0.034566
1 0.805701 0.235932 0.096024 0.036174
1 0.039010 0.815916 0.025506 0.046624
1 0.513878 0.206190 0.055514 0.045820
1 0.017254 0.561897 0.034509 0.610932
1 0.697674 0.287781 0.040510 0.067524
1 0.614029 0.733521 0.065266 0.132637
1 0.217179 0.219855 0.093773 0.034566
1 0.761065 0.928457 0.272318 0.139871
1 0.805701 0.222669 0.096024 0.062701
1 0.439235 0.225482 0.095274 0.034566
1 0.030008 0.938505 0.060015 0.121383
1 0.614029 0.733521 0.065266 0.132637
1 0.133908 0.047428 0.066767 0.094855
1 0.586647 0.215434 0.094524 0.062701
1 0.058140 0.186897 0.003751 0.004019
1 0.992123 0.821945 0.015754 0.063505
1 0.937359 0.916801 0.041260 0.069936
1 0.926482 0.976688 0.055514 0.046624
1 0.682671 0.765273 0.046512 0.085209
1 0.723931 0.833601 0.115529 0.046624
1 0.044261 0.215434 0.088522 0.045016
1 0.980120 0.930466 0.039760 0.135852
1 0.405851 0.771704 0.037509 0.056270
1 0.078770 0.816720 0.103526 0.048232
1 0.327832 0.231511 0.127532 0.020900
1 0.378470 0.935691 0.071268 0.127010
1 0.399850 0.326367 0.093023 0.024116
1 0.385596 0.418006 0.069017 0.030547
1 0.337959 0.779341 0.048762 0.039389
1 0.400975 0.362138 0.096774 0.028135
1 0.323706 0.172428 0.050263 0.012058
1 0.015754 0.393489 0.031508 0.047428
1 0.012003 0.810691 0.024006 0.094051
1 0.030383 0.214228 0.060765 0.044212
1 0.280945 0.772106 0.048762 0.052251
1 0.692798 0.564309 0.047262 0.315113
1 0.016879 0.295016 0.033758 0.043408
1 0.092273 0.815113 0.073518 0.041801
1 0.821080 0.105305 0.053263 0.020900
1 0.345836 0.823553 0.291073 0.052251
1 0.888972 0.344051 0.046512 0.168810
1 0.105026 0.146302 0.046512 0.020900
1 0.647037 0.209807 0.026257 0.046624
1 0.018005 0.144293 0.036009 0.089228
1 0.328582 0.931672 0.024006 0.136656
1 0.129032 0.225884 0.078020 0.019293
1 0.184546 0.293408 0.157539 0.109325
1 0.045386 0.179260 0.018755 0.025723
1 0.539385 0.818328 0.094524 0.030547
1 0.104276 0.119373 0.043511 0.021704
1 0.288822 0.478698 0.015004 0.065113
1 0.782821 0.291399 0.092273 0.016881
1 0.149662 0.470257 0.024756 0.059486
1 0.115529 0.765675 0.021005 0.013666
1 0.438860 0.211817 0.096024 0.061897
1 0.216804 0.206592 0.093023 0.061093
1 0.668417 0.249598 0.019505 0.145498
1 0.327832 0.204582 0.132033 0.071543
1 0.823706 0.822347 0.085521 0.020900
1 0.358965 0.418408 0.015754 0.024920
1 0.946362 0.558682 0.054764 0.594855
1 0.011628 0.526125 0.023256 0.039389
1 0.056264 0.160772 0.001500 0.001608
1 0.019880 0.143489 0.039760 0.092444
1 0.400975 0.935289 0.117779 0.127814
1 0.069392 0.046222 0.054764 0.092444
1 0.479370 0.328778 0.031508 0.024116
1 0.151163 0.639469 0.030758 0.005627
1 0.487247 0.328778 0.015754 0.022508
1 0.138035 0.263264 0.064516 0.040997
1 0.748312 0.495579 0.057764 0.040997
1 0.513128 0.236334 0.051013 0.017685
1 0.107652 0.723071 0.042761 0.057074
1 0.469992 0.928055 0.000750 0.004019
1 0.201800 0.640675 0.031508 0.004823
1 0.883721 0.837219 0.034509 0.040997
1 0.181920 0.521704 0.044261 0.014469
1 0.858590 0.098071 0.008252 0.184887
1 0.314329 0.696543 0.085521 0.024920
1 0.363841 0.325965 0.021005 0.023312
1 0.379970 0.093248 0.054764 0.024116
1 0.806827 0.207797 0.087772 0.023312
1 0.107277 0.676849 0.006002 0.028939
1 0.421605 0.714630 0.006002 0.019293
1 0.947862 0.108521 0.035259 0.020900
1 0.169542 0.086817 0.007502 0.173633
1 0.108027 0.119775 0.010503 0.019293
1 0.833833 0.500402 0.072768 0.055466
1 0.451238 0.901527 0.018755 0.065113
1 0.525506 0.731913 0.116279 0.135852
1 0.360465 0.360932 0.014254 0.025723
1 0.889722 0.059486 0.054014 0.114148
1 0.194299 0.292203 0.052513 0.106913
1 0.063766 0.084003 0.045011 0.020096
1 0.987247 0.859325 0.025506 0.006431
1 0.862716 0.606109 0.033008 0.062701
1 0.683421 0.564309 0.067517 0.318328
1 0.525881 0.701367 0.115529 0.073151
1 0.419355 0.733923 0.010503 0.012862
1 0.489497 0.781350 0.021755 0.030547
1 0.800450 0.104904 0.012003 0.018489
1 0.014629 0.477090 0.029257 0.053859
1 0.704801 0.101688 0.011253 0.018489
1 0.148537 0.319132 0.043511 0.040193
1 0.465116 0.966238 0.103526 0.065916
1 0.017254 0.342846 0.034509 0.053859
1 0.015754 0.434084 0.031508 0.033762
1 0.395724 0.422830 0.023256 0.020900
1 0.192798 0.522508 0.022506 0.012862
