1 0.914521 0.647727 0.131823 0.572314
1 0.640577 0.517562 0.039135 0.080579
1 0.167868 0.542355 0.043254 0.088843
1 0.080844 0.759298 0.027806 0.055785
1 0.595263 0.366736 0.063852 0.055785
1 0.909372 0.894628 0.123584 0.078512
1 0.624614 0.704545 0.044284 0.057851
1 0.271370 0.541322 0.073120 0.148760
1 0.136457 0.254132 0.188465 0.297521
1 0.782183 0.541322 0.130793 0.140496
1 0.604016 0.451446 0.106076 0.026860
1 0.645211 0.292355 0.009269 0.026860
1 0.785273 0.373967 0.126674 0.152893
1 0.435633 0.591942 0.096807 0.407025
1 0.115860 0.383264 0.023687 0.051653
0 0.211637 0.472107 0.359423 0.778926
1 0.071061 0.474174 0.055613 0.126033
1 0.538105 0.096074 0.040165 0.022727
1 0.589083 0.373967 0.022657 0.041322
1 0.247168 0.322314 0.030896 0.045455
1 0.512873 0.727273 0.012358 0.103306
1 0.512358 0.553719 0.011329 0.082645
1 0.512873 0.202479 0.010299 0.231405
1 0.566426 0.541322 0.096807 0.140496
1 0.731720 0.622934 0.001030 0.002066
1 0.070546 0.598140 0.056643 0.109504
1 0.073120 0.711777 0.045314 0.018595
1 0.200824 0.429752 0.022657 0.053719
1 0.653965 0.824380 0.092688 0.057851
1 0.512358 0.373967 0.011329 0.111570
1 0.559217 0.754132 0.080330 0.165289
1 0.070546 0.598140 0.056643 0.109504
1 0.703913 0.582645 0.025747 0.045455
1 0.520082 0.779959 0.004119 0.010331
1 0.364573 0.765496 0.035015 0.022727
1 0.798661 0.786157 0.021627 0.022727
1 0.273944 0.641529 0.022657 0.055785
1 0.739444 0.956612 0.047374 0.028926
1 0.814109 0.460744 0.044284 0.024793
1 0.829042 0.623967 0.008239 0.004132
1 0.642636 0.685950 0.004119 0.008264
1 0.583419 0.096074 0.042225 0.022727
1 0.524202 0.799587 0.014418 0.074380
1 0.730690 0.787190 0.011329 0.024793
1 0.752832 0.459711 0.049434 0.022727
1 0.115860 0.094008 0.040165 0.022727
1 0.615860 0.074380 0.022657 0.061983
1 0.827497 0.787190 0.021627 0.020661
1 0.765191 0.542355 0.016478 0.018595
1 0.703399 0.727273 0.018538 0.099174
1 0.166838 0.094008 0.037075 0.022727
1 0.235839 0.379132 0.012358 0.047521
1 0.547374 0.655992 0.060762 0.039256
1 0.234295 0.192149 0.013388 0.214876
1 0.066426 0.094008 0.040165 0.022727
1 0.695675 0.097107 0.040165 0.024793
1 0.173018 0.922521 0.065911 0.014463
1 0.363543 0.479339 0.037075 0.028926
1 0.364573 0.647727 0.035015 0.055785
1 0.763131 0.707645 0.014418 0.018595
1 0.099897 0.922521 0.053553 0.018595
1 0.899588 0.732438 0.054583 0.018595
1 0.587539 0.950413 0.052523 0.020661
1 0.271370 0.923554 0.046344 0.028926
1 0.091143 0.271694 0.060762 0.018595
1 0.660659 0.950413 0.066941 0.016529
1 0.142636 0.608471 0.001030 0.002066
1 0.335736 0.640496 0.022657 0.053719
1 0.682286 0.525826 0.027806 0.018595
1 0.523172 0.488636 0.012358 0.035124
1 0.210608 0.094008 0.033986 0.022727
1 0.303811 0.743802 0.012358 0.033058
1 0.628218 0.951446 0.133883 0.022727
1 0.331617 0.454545 0.018538 0.020661
1 0.656540 0.097107 0.038105 0.024793
1 0.670958 0.712810 0.011329 0.016529
1 0.753862 0.672521 0.022657 0.010331
1 0.763646 0.335744 0.042225 0.018595
1 0.832647 0.756198 0.029866 0.041322
1 0.821833 0.641529 0.024717 0.043388
1 0.669928 0.672521 0.021627 0.010331
1 0.784758 0.671488 0.022657 0.012397
1 0.253862 0.705579 0.040165 0.055785
1 0.139547 0.923554 0.132853 0.020661
1 0.142122 0.455579 0.006179 0.051653
1 0.236354 0.424587 0.011329 0.026860
1 0.262101 0.700413 0.013388 0.028926
1 0.480433 0.485537 0.007209 0.049587
1 0.641607 0.635331 0.022657 0.051653
1 0.378991 0.498967 0.004119 0.006198
1 0.480433 0.581612 0.007209 0.047521
1 0.636457 0.451446 0.016478 0.026860
1 0.605561 0.640496 0.026777 0.045455
1 0.647786 0.589876 0.022657 0.047521
1 0.272400 0.731405 0.075180 0.090909
1 0.154480 0.611570 0.053553 0.037190
1 0.087539 0.833678 0.059732 0.022727
1 0.550978 0.640496 0.067971 0.070248
1 0.434604 0.424587 0.094748 0.072314
1 0.246138 0.367769 0.032956 0.140496
1 0.832132 0.766529 0.030896 0.061983
1 0.280124 0.454545 0.047374 0.020661
1 0.622554 0.637397 0.060762 0.055785
