1 0.737770 0.663455 0.042446 0.084939
1 0.592806 0.524268 0.070504 0.103498
1 0.861511 0.444682 0.177698 0.282655
1 0.165827 0.452534 0.215108 0.295503
1 0.634173 0.786224 0.043885 0.087794
1 0.500000 0.971092 0.991367 0.052106
1 0.499640 0.042113 0.992086 0.077088
1 0.993885 0.310136 0.000719 0.002141
1 0.770863 0.286938 0.124460 0.032834
1 0.993885 0.349393 0.000719 0.002141
1 0.445683 0.286938 0.052518 0.032834
1 0.006115 0.294433 0.000719 0.000714
1 0.702878 0.220914 0.001439 0.000714
1 0.868345 0.175946 0.256115 0.187723
1 0.007554 0.269094 0.005036 0.008565
1 0.859712 0.806924 0.033094 0.050678
1 0.820144 0.286938 0.224460 0.032834
1 0.170863 0.618844 0.220863 0.057102
1 0.835612 0.710564 0.089928 0.063526
1 0.127698 0.288722 0.098561 0.027837
1 0.250000 0.288009 0.146043 0.032120
1 0.729137 0.749108 0.061151 0.059243
1 0.802878 0.817630 0.058993 0.029265
1 0.371942 0.287652 0.097842 0.028551
1 0.719424 0.881870 0.069065 0.067809
1 0.719784 0.843326 0.069784 0.144897
1 0.673741 0.684154 0.022302 0.032120
1 0.633813 0.765168 0.043165 0.045682
1 0.633813 0.809065 0.043165 0.042113
1 0.889568 0.803712 0.007914 0.057102
1 0.684173 0.505353 0.023022 0.065667
1 0.726978 0.767666 0.009353 0.002141
1 0.881655 0.287295 0.098561 0.029265
1 0.923022 0.353676 0.023022 0.054961
1 0.767626 0.339400 0.012950 0.073519
1 0.722302 0.817630 0.074820 0.196288
1 0.677338 0.252320 0.069784 0.082084
1 0.490647 0.168451 0.017266 0.098501
1 0.489928 0.769807 0.050360 0.172020
1 0.739209 0.482512 0.049640 0.206995
1 0.737770 0.532834 0.035252 0.046395
1 0.924101 0.609565 0.022302 0.015703
1 0.909353 0.820128 0.030216 0.025696
1 0.396763 0.287295 0.150360 0.032120
