0 0.732323 0.566925 0.411616 0.567478
1 0.238636 0.969580 0.002525 0.001106
1 0.856061 0.732301 0.015152 0.002212
1 0.359848 0.236173 0.181818 0.087389
1 0.885101 0.692478 0.068182 0.059735
1 0.751894 0.289823 0.205808 0.022124
1 0.859848 0.492257 0.121212 0.039823
1 0.732955 0.385509 0.375000 0.173673
1 0.193813 0.736726 0.001263 0.002212
1 0.767677 0.741150 0.042929 0.037611
1 0.320076 0.610066 0.059343 0.162611
1 0.220328 0.294801 0.001263 0.001106
1 0.231061 0.252765 0.075758 0.054204
1 0.443813 0.622235 0.051768 0.138274
1 0.229167 0.294801 0.054293 0.094027
1 0.821338 0.492257 0.044192 0.039823
1 0.118687 0.728429 0.050505 0.036504
1 0.230429 0.283739 0.074495 0.116150
1 0.881313 0.492257 0.078283 0.039823
1 0.313763 0.911504 0.034091 0.123894
1 0.213384 0.919248 0.060606 0.044248
1 0.335227 0.288717 0.127525 0.022124
1 0.080177 0.143805 0.011364 0.272124
1 0.875000 0.560288 0.032828 0.036504
1 0.359848 0.398783 0.032828 0.016593
1 0.668561 0.735619 0.034091 0.015487
1 0.818182 0.808075 0.022727 0.034292
1 0.894571 0.604535 0.049242 0.029867
1 0.602904 0.549779 0.117424 0.141593
1 0.135732 0.907633 0.107323 0.118363
1 0.109848 0.777102 0.032828 0.036504
1 0.143308 0.607854 0.099747 0.275442
1 0.265152 0.288717 0.015152 0.017699
1 0.991793 0.384403 0.001263 0.001106
1 0.295455 0.797566 0.058081 0.101770
1 0.767677 0.777655 0.042929 0.110619
1 0.159091 0.548119 0.065657 0.032080
1 0.859217 0.780420 0.029040 0.100664
1 0.943182 0.846239 0.002525 0.002212
1 0.176136 0.809181 0.034091 0.043142
1 0.767677 0.777655 0.042929 0.110619
1 0.313763 0.954093 0.034091 0.040929
1 0.444444 0.540929 0.058081 0.024336
1 0.790404 0.515487 0.020202 0.086283
1 0.390152 0.605642 0.015152 0.014381
1 0.313763 0.907633 0.034091 0.054204
1 0.762626 0.634956 0.055556 0.068584
1 0.484217 0.144912 0.011364 0.272124
1 0.313763 0.907633 0.034091 0.054204
1 0.374369 0.840155 0.099747 0.021018
1 0.907197 0.547013 0.031566 0.067478
1 0.443182 0.645465 0.050505 0.091814
1 0.771465 0.580199 0.055556 0.043142
1 0.664773 0.730642 0.241162 0.204646
1 0.119318 0.684735 0.051768 0.121681
1 0.767677 0.795907 0.042929 0.074115
1 0.144571 0.773783 0.104798 0.116150
1 0.175505 0.804204 0.030303 0.030973
1 0.888889 0.605088 0.035354 0.028761
1 0.322601 0.654314 0.051768 0.074115
1 0.150884 0.916482 0.049242 0.016593
