1 0.696629 0.057823 0.207433 0.045351
1 0.934745 0.600907 0.042351 0.045351
0 0.500000 0.498299 1.000000 0.996599
1 0.455920 0.807823 0.045808 0.277778
1 0.381158 0.494898 0.057044 0.071429
1 0.882887 0.752268 0.113224 0.150794
1 0.934745 0.435374 0.042351 0.047619
1 0.847018 0.232993 0.216076 0.304989
0 0.277874 0.464853 0.398444 0.408163
1 0.359551 0.465986 0.233362 0.405896
1 0.238548 0.685374 0.031115 0.032880
1 0.845290 0.056122 0.088159 0.046485
1 0.097234 0.289683 0.033708 0.055556
1 0.537597 0.108844 0.115817 0.056689
1 0.683232 0.624150 0.026793 0.057823
1 0.707433 0.184807 0.033708 0.036281
1 0.292567 0.750567 0.004322 0.004535
1 0.582973 0.314059 0.204840 0.349206
1 0.380726 0.309524 0.139153 0.090703
1 0.727744 0.630952 0.043215 0.046485
1 0.474935 0.057823 0.059637 0.045351
1 0.208729 0.289683 0.035436 0.055556
1 0.934745 0.301587 0.042351 0.047619
1 0.708729 0.355442 0.043215 0.057823
1 0.548833 0.047619 0.086430 0.029478
1 0.646067 0.583333 0.360415 0.182540
1 0.234226 0.287982 0.015557 0.052154
1 0.938202 0.643424 0.035436 0.023810
1 0.847450 0.159297 0.035436 0.051020
1 0.104149 0.685374 0.047537 0.032880
1 0.934745 0.349206 0.042351 0.047619
1 0.175022 0.687642 0.095938 0.035147
1 0.936041 0.399093 0.039758 0.024943
1 0.934313 0.324830 0.043215 0.096372
1 0.189283 0.857710 0.065687 0.023810
1 0.548401 0.056122 0.087295 0.046485
1 0.845290 0.047052 0.088159 0.028345
1 0.799481 0.526077 0.224719 0.278912
1 0.095938 0.388322 0.031115 0.041950
1 0.380294 0.687642 0.095073 0.035147
1 0.126188 0.427438 0.032844 0.022676
1 0.771824 0.626417 0.041487 0.055556
1 0.832325 0.552721 0.060501 0.091837
1 0.502161 0.484694 0.001729 0.001134
1 0.936041 0.665533 0.072602 0.020408
1 0.572602 0.620181 0.012965 0.070295
1 0.319360 0.428005 0.030251 0.021542
1 0.341832 0.721655 0.171997 0.103175
1 0.765341 0.172336 0.012965 0.006803
1 0.761020 0.386621 0.028522 0.011338
1 0.885048 0.428005 0.024201 0.021542
1 0.264477 0.494331 0.019015 0.083900
1 0.845290 0.070295 0.086430 0.020408
1 0.160328 0.490930 0.159896 0.351474
1 0.708729 0.297052 0.043215 0.056689
1 0.475367 0.176871 0.060501 0.283447
1 0.934745 0.518141 0.042351 0.120181
1 0.887640 0.181406 0.029386 0.020408
1 0.557476 0.627551 0.020743 0.037415
1 0.959378 0.263605 0.001729 0.007937
1 0.930424 0.061791 0.082109 0.053288
1 0.158600 0.290249 0.156439 0.056689
1 0.652550 0.660998 0.349179 0.029478
1 0.708729 0.233560 0.043215 0.058957
1 0.290406 0.722222 0.069144 0.102041
1 0.329732 0.685941 0.009507 0.034014
1 0.797753 0.620748 0.010372 0.069161
1 0.802939 0.174603 0.012100 0.009070
