1 0.383978 0.147422 0.043410 0.054933
1 0.560379 0.661996 0.088398 0.063901
1 0.561168 0.567825 0.082084 0.104260
1 0.565509 0.928812 0.101815 0.045964
1 0.606156 0.116031 0.041042 0.072870
1 0.658248 0.104821 0.053670 0.050448
1 0.537885 0.194507 0.054459 0.142377
1 0.492502 0.660874 0.044199 0.054933
1 0.559984 0.707960 0.079716 0.021300
1 0.832281 0.214686 0.059195 0.048206
1 0.790450 0.217489 0.152328 0.071749
0 0.801105 0.484865 0.265193 0.418161
1 0.840963 0.881166 0.318074 0.230942
1 0.101815 0.042040 0.047356 0.028027
1 0.897790 0.113789 0.056038 0.061659
1 0.440016 0.921525 0.111287 0.031390
1 0.636938 0.565022 0.061563 0.251121
1 0.166535 0.471973 0.028414 0.069507
1 0.641279 0.547085 0.049724 0.062780
1 0.862668 0.488229 0.017364 0.039238
1 0.616811 0.317825 0.065509 0.086323
1 0.128256 0.458520 0.010260 0.006726
1 0.945541 0.106502 0.037885 0.156951
1 0.687056 0.308296 0.060773 0.069507
1 0.471586 0.040919 0.068666 0.028027
1 0.167324 0.396861 0.164167 0.096413
1 0.802289 0.153027 0.008682 0.003363
1 0.539463 0.230942 0.049724 0.067265
1 0.032360 0.044283 0.058406 0.023543
1 0.439621 0.817825 0.113654 0.171525
1 0.538674 0.159753 0.051302 0.070628
1 0.127861 0.459081 0.006314 0.005605
0 0.840174 0.614910 0.319653 0.763453
1 0.758879 0.218049 0.090766 0.072870
1 0.977506 0.239910 0.018153 0.017937
1 0.169298 0.080157 0.038674 0.104260
1 0.394238 0.547085 0.016575 0.017937
1 0.440410 0.402466 0.033149 0.038117
1 0.434491 0.357063 0.024467 0.019058
1 0.901342 0.227018 0.044199 0.045964
1 0.538674 0.862668 0.063931 0.072870
1 0.731255 0.174888 0.024467 0.006726
1 0.238358 0.705157 0.015785 0.011211
1 0.585635 0.839126 0.143646 0.216368
1 0.944357 0.215247 0.018153 0.051570
1 0.771902 0.703475 0.014207 0.007848
1 0.734017 0.126121 0.083662 0.099776
1 0.627072 0.041480 0.065509 0.029148
1 0.434886 0.207399 0.023678 0.042601
1 0.607340 0.114910 0.044988 0.072870
1 0.641279 0.636771 0.049724 0.105381
1 0.731255 0.703475 0.014996 0.007848
1 0.086425 0.040919 0.016575 0.025785
1 0.163378 0.553812 0.033149 0.103139
1 0.434491 0.131726 0.024467 0.041480
1 0.439621 0.762892 0.028414 0.005605
1 0.434491 0.270740 0.024467 0.021300
1 0.851618 0.703475 0.015785 0.010090
1 0.430150 0.553812 0.058406 0.134529
1 0.736780 0.702915 0.002368 0.002242
1 0.706393 0.193386 0.017364 0.034753
1 0.547751 0.233744 0.012628 0.025785
1 0.111681 0.042040 0.027624 0.028027
1 0.452644 0.703475 0.013418 0.007848
1 0.757695 0.125561 0.033149 0.031390
1 0.675612 0.325112 0.017364 0.029148
1 0.900552 0.224215 0.052092 0.056054
1 0.891081 0.703475 0.012628 0.007848
1 0.560379 0.732623 0.086819 0.202915
1 0.431334 0.762892 0.010260 0.003363
1 0.952249 0.215247 0.035517 0.069507
1 0.559984 0.765135 0.084451 0.137892
1 0.014996 0.044283 0.022099 0.019058
1 0.509866 0.661435 0.003157 0.004484
