1 0.684003 0.855910 0.005387 0.005177
1 0.796933 0.804142 0.130128 0.164797
1 0.927891 0.075712 0.001658 0.000431
1 0.264816 0.039042 0.529631 0.078085
1 0.632408 0.474116 0.049731 0.028473
1 0.126191 0.480587 0.042685 0.030198
1 0.859304 0.532140 0.040199 0.131579
1 0.541857 0.968723 0.022793 0.062554
1 0.716535 0.734038 0.001658 0.002157
1 0.680481 0.968723 0.027352 0.062554
1 0.165769 0.286885 0.083713 0.070751
1 0.633651 0.385462 0.087857 0.035807
1 0.680481 0.061907 0.028181 0.123814
1 0.847493 0.043356 0.305015 0.086713
1 0.337132 0.659620 0.034397 0.038827
1 0.578326 0.299827 0.093245 0.061260
1 0.329880 0.789258 0.132615 0.141933
1 0.633444 0.389560 0.024451 0.025884
1 0.241608 0.688525 0.008288 0.006903
1 0.801906 0.341890 0.024036 0.025453
1 0.662661 0.968723 0.062163 0.062554
1 0.333195 0.430975 0.019063 0.019845
1 0.670327 0.062123 0.048487 0.124245
1 0.608164 0.389344 0.025280 0.026316
1 0.768131 0.381795 0.067551 0.047455
1 0.541857 0.061907 0.022793 0.123814
1 0.329465 0.822261 0.130957 0.075928
1 0.767302 0.789689 0.191048 0.194564
1 0.194985 0.205781 0.021964 0.024159
1 0.528595 0.693917 0.001243 0.002157
1 0.288852 0.595988 0.025694 0.086713
1 0.327186 0.334771 0.021964 0.018119
1 0.558848 0.405522 0.047659 0.049180
1 0.264816 0.990078 0.529631 0.019845
1 0.086200 0.314064 0.037298 0.061260
1 0.746581 0.507981 0.027766 0.108283
1 0.191256 0.485116 0.033568 0.066005
1 0.169913 0.205781 0.022379 0.024159
1 0.418773 0.253883 0.014505 0.040121
1 0.202860 0.380285 0.032739 0.047886
1 0.831538 0.211821 0.065893 0.035375
1 0.639867 0.968723 0.017406 0.062554
1 0.151471 0.410267 0.025280 0.026747
1 0.228346 0.205781 0.022379 0.024159
1 0.125984 0.405953 0.087857 0.036238
1 0.811024 0.671915 0.038956 0.041846
1 0.078326 0.315358 0.053046 0.069025
1 0.821384 0.428818 0.035640 0.048318
1 0.751761 0.305651 0.034811 0.035807
1 0.542064 0.203840 0.023208 0.025453
1 0.100705 0.410052 0.025694 0.026316
1 0.591380 0.204055 0.024865 0.025022
1 0.381683 0.360224 0.055533 0.083693
1 0.599461 0.063632 0.092416 0.127265
1 0.796312 0.579379 0.070037 0.052632
1 0.869043 0.271786 0.027352 0.061260
1 0.889142 0.502157 0.010361 0.044003
1 0.808123 0.579810 0.044758 0.051769
1 0.709905 0.505393 0.033983 0.066005
1 0.732698 0.609577 0.012433 0.044866
1 0.889349 0.268766 0.011604 0.069888
1 0.341276 0.921484 0.023622 0.010354
1 0.556983 0.392148 0.051388 0.076790
1 0.611272 0.637187 0.009946 0.044003
1 0.547037 0.541631 0.030667 0.032355
1 0.290924 0.390638 0.024865 0.031493
1 0.239743 0.608714 0.008703 0.024159
1 0.081641 0.534513 0.029010 0.028473
1 0.142354 0.205134 0.016162 0.022865
1 0.419809 0.362166 0.012433 0.040121
1 0.384376 0.647972 0.041857 0.015531
1 0.278077 0.310397 0.024865 0.077222
1 0.329880 0.756471 0.131786 0.075496
1 0.872358 0.997196 0.000829 0.001294
1 0.580605 0.299827 0.076254 0.036238
1 0.775798 0.341027 0.077082 0.028041
1 0.362412 0.343615 0.016991 0.040121
1 0.239329 0.672131 0.008703 0.019845
1 0.489847 0.612381 0.009946 0.024590
1 0.627435 0.203624 0.046415 0.026747
1 0.541857 0.945858 0.010361 0.013374
1 0.648363 0.968723 0.034397 0.062554
1 0.844385 0.389560 0.078326 0.062985
1 0.546208 0.370147 0.030667 0.031924
1 0.638624 0.081320 0.007460 0.008197
1 0.323871 0.504961 0.009532 0.044435
1 0.706175 0.492235 0.024865 0.026747
1 0.758806 0.382442 0.036469 0.018550
1 0.870079 0.268766 0.050145 0.069888
1 0.240157 0.276963 0.008703 0.019845
1 0.706175 0.520708 0.024865 0.031061
1 0.844177 0.404659 0.079569 0.094909
1 0.792996 0.382010 0.016991 0.046160
1 0.668048 0.576575 0.018235 0.005608
1 0.921053 0.135677 0.022793 0.023727
1 0.541857 0.086066 0.022793 0.076359
1 0.585371 0.576143 0.018649 0.006471
1 0.387692 0.463978 0.025280 0.064280
1 0.675922 0.696290 0.009946 0.010354
1 0.050974 0.867343 0.008288 0.103106
1 0.156237 0.920190 0.026523 0.012079
1 0.541649 0.079163 0.009117 0.009922
1 0.486324 0.098361 0.008703 0.052632
1 0.541857 0.024374 0.021964 0.048749
1 0.388313 0.535160 0.044758 0.208369
