1 0.735606 0.512121 0.236364 0.404545
0 0.225947 0.511364 0.302652 0.409091
0 0.500000 0.500000 1.000000 0.989394
0 0.225568 0.511742 0.302652 0.409848
1 0.800947 0.568939 0.032197 0.063636
0 0.499621 0.500000 0.235606 0.577273
1 0.274811 0.370455 0.031439 0.062121
1 0.496780 0.435606 0.031439 0.062121
1 0.513636 0.521591 0.021212 0.065909
1 0.131629 0.627652 0.028409 0.094697
1 0.139394 0.627652 0.043939 0.096212
1 0.654924 0.398864 0.064394 0.073485
1 0.777083 0.381061 0.130682 0.113636
1 0.143939 0.347727 0.137121 0.080303
1 0.268371 0.655303 0.020833 0.040909
1 0.726326 0.469318 0.034470 0.053788
1 0.358523 0.328788 0.038258 0.040909
1 0.114962 0.499242 0.061742 0.122727
1 0.589773 0.646970 0.035606 0.107576
1 0.308902 0.582576 0.060985 0.080303
1 0.678220 0.607955 0.020833 0.026515
1 0.274242 0.415152 0.028788 0.015152
1 0.304167 0.645455 0.019697 0.040909
1 0.772348 0.471970 0.014394 0.056061
1 0.402841 0.481439 0.025379 0.026515
1 0.576136 0.521970 0.009091 0.016667
1 0.678598 0.456439 0.020833 0.026515
1 0.800758 0.506439 0.012121 0.017424
1 0.353788 0.582197 0.032576 0.078030
1 0.236364 0.357955 0.037879 0.067424
1 0.835606 0.368182 0.012879 0.012121
1 0.164394 0.485985 0.018182 0.025000
1 0.276136 0.546212 0.020455 0.018182
1 0.153409 0.552652 0.006818 0.017424
1 0.518750 0.744697 0.011742 0.016667
1 0.416856 0.310606 0.069318 0.074242
1 0.417045 0.279924 0.070455 0.138636
1 0.705492 0.398106 0.031439 0.150758
1 0.571970 0.227652 0.028788 0.015909
0 0.500000 0.845833 1.000000 0.299242
1 0.164583 0.501894 0.028409 0.071970
1 0.111553 0.475758 0.070076 0.172727
1 0.361174 0.496591 0.017045 0.076515
1 0.137879 0.601136 0.008333 0.015909
1 0.509280 0.640909 0.064015 0.119697
1 0.513636 0.545455 0.020455 0.018182
1 0.272917 0.523106 0.026136 0.064394
1 0.798295 0.423864 0.007955 0.050758
1 0.270833 0.515152 0.022727 0.048485
1 0.484848 0.644318 0.013636 0.108333
1 0.832386 0.332197 0.043561 0.041667
1 0.300568 0.681439 0.030682 0.014394
1 0.322538 0.398864 0.017045 0.017424
1 0.798106 0.414773 0.007576 0.032576
