0 0.282936 0.475410 0.470514 0.746532
0 0.766625 0.427491 0.381430 0.648172
1 0.865747 0.445776 0.153074 0.170240
1 0.865747 0.639344 0.153074 0.199243
1 0.865747 0.639344 0.153074 0.199243
1 0.745295 0.398487 0.067754 0.075662
1 0.646173 0.445776 0.112923 0.170240
0 0.500000 0.500000 1.000000 0.994956
1 0.745295 0.487390 0.067754 0.087011
1 0.267880 0.324716 0.001255 0.001261
1 0.070891 0.274905 0.041405 0.055485
1 0.440402 0.513871 0.050188 0.056747
1 0.210790 0.445776 0.087829 0.177806
1 0.338143 0.520177 0.023839 0.031526
1 0.465496 0.237705 0.080301 0.079445
1 0.678168 0.110340 0.084065 0.013871
1 0.765370 0.639344 0.045169 0.037831
1 0.665621 0.716267 0.151819 0.045397
1 0.126725 0.445776 0.055207 0.177806
1 0.684442 0.616646 0.189460 0.151324
1 0.674404 0.337957 0.038896 0.045397
1 0.431619 0.639344 0.148055 0.191677
1 0.238394 0.108449 0.025094 0.012610
1 0.893977 0.110340 0.053952 0.013871
1 0.773526 0.720050 0.063990 0.037831
1 0.920326 0.238335 0.041405 0.078184
1 0.438519 0.108449 0.071518 0.012610
1 0.582183 0.457125 0.012547 0.061791
1 0.511920 0.701135 0.012547 0.063052
1 0.306775 0.508827 0.023839 0.054224
1 0.391468 0.717528 0.037641 0.037831
1 0.072773 0.515763 0.050188 0.052963
1 0.684442 0.616646 0.189460 0.151324
1 0.803011 0.434426 0.030113 0.029004
1 0.511920 0.468474 0.012547 0.046658
1 0.801757 0.477301 0.032622 0.054224
1 0.582183 0.600883 0.012547 0.071879
1 0.511920 0.198613 0.012547 0.061791
1 0.690088 0.534048 0.040151 0.071879
1 0.691343 0.513871 0.037641 0.031526
1 0.135508 0.508197 0.040151 0.040353
1 0.949184 0.240858 0.013802 0.068096
1 0.949184 0.431904 0.013802 0.066835
1 0.949184 0.696091 0.013802 0.060530
1 0.337516 0.427491 0.022585 0.045397
1 0.141154 0.285624 0.048934 0.039092
1 0.340652 0.794451 0.136763 0.093317
1 0.247804 0.807692 0.048934 0.044136
1 0.369511 0.423077 0.038896 0.034048
1 0.686324 0.551072 0.030113 0.037831
1 0.336261 0.607818 0.025094 0.030265
1 0.900878 0.238335 0.082811 0.080706
1 0.178168 0.156999 0.022585 0.031526
1 0.491217 0.333544 0.028858 0.029004
1 0.246550 0.609710 0.156838 0.132409
1 0.696989 0.715637 0.217064 0.046658
1 0.306775 0.157629 0.046424 0.047919
1 0.277290 0.836066 0.005019 0.005044
1 0.237767 0.790668 0.069009 0.085750
1 0.361355 0.222573 0.017566 0.112232
1 0.338143 0.476671 0.036386 0.058008
1 0.932873 0.265448 0.016311 0.023960
1 0.336888 0.377680 0.023839 0.044136
1 0.553325 0.132409 0.012547 0.058008
1 0.336261 0.637453 0.025094 0.029004
1 0.247804 0.147541 0.164366 0.068096
1 0.746550 0.340479 0.032622 0.040353
1 0.337516 0.720681 0.055207 0.034048
1 0.460477 0.333544 0.027604 0.029004
1 0.268507 0.334174 0.030113 0.027743
1 0.481179 0.742119 0.053952 0.011349
1 0.369511 0.375158 0.038896 0.034048
1 0.365119 0.433796 0.002509 0.002522
1 0.803639 0.405422 0.031368 0.089533
1 0.291719 0.414880 0.058971 0.118537
1 0.126725 0.302018 0.055207 0.092055
1 0.274780 0.493695 0.025094 0.026482
1 0.304266 0.374527 0.036386 0.035309
1 0.355082 0.520177 0.057716 0.031526
1 0.364492 0.433796 0.003764 0.002522
1 0.263488 0.131148 0.022585 0.032787
1 0.803639 0.375158 0.031368 0.029004
1 0.866374 0.636192 0.013802 0.011349
1 0.334379 0.763556 0.043915 0.051702
1 0.649310 0.448298 0.013802 0.011349
1 0.290464 0.424338 0.016311 0.056747
1 0.227729 0.147541 0.016311 0.058008
1 0.878921 0.218789 0.038896 0.034048
1 0.301757 0.284994 0.026349 0.040353
1 0.336888 0.621690 0.026349 0.058008
1 0.744040 0.488020 0.015056 0.027743
1 0.269762 0.305170 0.032622 0.085750
1 0.284191 0.304540 0.061481 0.087011
