1 0.392749 0.591304 0.102719 0.043478
1 0.093656 0.615217 0.006042 0.004348
1 0.758308 0.450000 0.271903 0.226087
1 0.679758 0.211957 0.429003 0.189130
1 0.209970 0.797826 0.069486 0.186957
1 0.738671 0.939130 0.250755 0.056522
1 0.176737 0.008696 0.045317 0.017391
1 0.152568 0.497826 0.045317 0.221739
1 0.513595 0.178261 0.030211 0.021739
1 0.874622 0.866304 0.039275 0.050000
1 0.853474 0.793478 0.075529 0.034783
1 0.500000 0.983696 0.993958 0.032609
1 0.645015 0.719565 0.105740 0.052174
1 0.622356 0.719565 0.054381 0.047826
1 0.549849 0.892391 0.108761 0.150000
1 0.527190 0.318478 0.093656 0.141304
1 0.909366 0.009783 0.042296 0.019565
1 0.675227 0.719565 0.045317 0.047826
1 0.472810 0.865217 0.045317 0.052174
1 0.744713 0.870652 0.063444 0.032609
1 0.379154 0.867391 0.063444 0.034783
1 0.152568 0.790217 0.045317 0.215217
1 0.368580 0.867391 0.042296 0.034783
1 0.652568 0.782609 0.090634 0.065217
1 0.601208 0.325000 0.042296 0.015217
1 0.400302 0.867391 0.021148 0.034783
1 0.392749 0.669565 0.211480 0.026087
1 0.175227 0.178261 0.006042 0.034783
1 0.175227 0.246739 0.006042 0.036957
1 0.175227 0.108696 0.006042 0.034783
1 0.166163 0.322826 0.054381 0.019565
1 0.820242 0.867391 0.069486 0.047826
1 0.536254 0.921739 0.069486 0.021739
1 0.107251 0.515217 0.039275 0.004348
1 0.598187 0.800000 0.042296 0.021739
1 0.299094 0.798913 0.042296 0.019565
1 0.658610 0.866304 0.078550 0.050000
1 0.208459 0.733696 0.066465 0.058696
1 0.842900 0.661957 0.048338 0.023913
1 0.238671 0.919565 0.054381 0.021739
1 0.933535 0.609783 0.030211 0.193478
1 0.107251 0.622826 0.039275 0.023913
1 0.312689 0.865217 0.069486 0.047826
1 0.933535 0.543478 0.030211 0.060870
1 0.175227 0.143478 0.006042 0.013043
1 0.933535 0.771739 0.030211 0.034783
1 0.216012 0.895652 0.051360 0.008696
1 0.838369 0.661957 0.093656 0.041304
1 0.120846 0.938043 0.066465 0.058696
1 0.392749 0.670652 0.024169 0.023913
1 0.330816 0.668478 0.027190 0.019565
1 0.752266 0.704348 0.072508 0.078261
1 0.844411 0.733696 0.099698 0.076087
1 0.933535 0.679348 0.030211 0.054348
1 0.271903 0.404348 0.048338 0.021739
1 0.155589 0.645652 0.051360 0.073913
1 0.264350 0.896739 0.021148 0.006522
1 0.424471 0.668478 0.027190 0.019565
1 0.484894 0.670652 0.021148 0.023913
1 0.883686 0.325000 0.039275 0.015217
1 0.608761 0.798913 0.021148 0.019565
1 0.933535 0.655435 0.030211 0.102174
1 0.311178 0.895652 0.054381 0.008696
1 0.685801 0.604348 0.030211 0.065217
1 0.264350 0.895652 0.021148 0.008696
1 0.631420 0.576087 0.078550 0.121739
1 0.487915 0.481522 0.009063 0.006522
1 0.703927 0.853261 0.012085 0.076087
1 0.176737 0.027174 0.045317 0.054348
