0 0.296480 0.224659 0.372744 0.344055
0 0.748646 0.227096 0.361913 0.339181
0 0.581227 0.641813 0.377256 0.359649
1 0.009928 0.282164 0.019856 0.564327
1 0.188628 0.345029 0.072202 0.074074
1 0.098827 0.168129 0.044224 0.180312
1 0.563628 0.526316 0.089350 0.033138
1 0.212545 0.360136 0.002708 0.004873
1 0.400722 0.389864 0.028881 0.015595
1 0.306859 0.456628 0.090253 0.045809
1 0.738267 0.813840 0.005415 0.003899
1 0.671931 0.227096 0.085740 0.025341
1 0.306859 0.115984 0.066787 0.089669
1 0.641697 0.227096 0.023466 0.023392
1 0.199910 0.164230 0.134477 0.186160
1 0.306859 0.438109 0.090253 0.080897
1 0.798736 0.122320 0.003610 0.006823
1 0.643051 0.693957 0.026173 0.031189
1 0.435921 0.177875 0.059567 0.018519
1 0.707581 0.856238 0.117329 0.012671
1 0.435018 0.153509 0.064982 0.067251
1 0.679603 0.166667 0.070397 0.035088
1 0.678700 0.289961 0.070397 0.036062
1 0.327617 0.268519 0.021661 0.051657
1 0.307762 0.460526 0.092058 0.123782
1 0.385830 0.264133 0.024368 0.040936
1 0.255866 0.347466 0.022563 0.069201
1 0.306859 0.419103 0.088448 0.042885
1 0.828069 0.305556 0.004513 0.000975
1 0.009928 0.366959 0.019856 0.396686
1 0.593863 0.850877 0.088448 0.056530
1 0.607401 0.197856 0.048736 0.009747
1 0.377256 0.174464 0.045126 0.009747
1 0.009928 0.084308 0.019856 0.168616
1 0.328069 0.279727 0.022563 0.074074
1 0.306859 0.173977 0.041516 0.010721
1 0.822202 0.277290 0.057762 0.065302
1 0.714801 0.741228 0.023466 0.016569
1 0.849729 0.113060 0.042419 0.007797
1 0.638538 0.111598 0.042419 0.006823
1 0.305505 0.189084 0.040614 0.007797
1 0.856949 0.106238 0.123646 0.072125
1 0.422383 0.430312 0.102888 0.010721
1 0.456227 0.514620 0.046029 0.009747
1 0.427347 0.645712 0.009928 0.012671
1 0.549188 0.848928 0.002708 0.056530
1 0.449458 0.457115 0.037906 0.009747
1 0.549639 0.848928 0.003610 0.056530
1 0.102437 0.173977 0.037004 0.010721
1 0.828971 0.167641 0.069495 0.035088
1 0.670126 0.691520 0.020758 0.047758
1 0.495036 0.610624 0.073105 0.010721
1 0.316336 0.030702 0.042419 0.045809
1 0.747744 0.854776 0.002708 0.001949
1 0.857401 0.230507 0.057762 0.022417
1 0.427347 0.603801 0.011733 0.012671
