1 0.729052 0.728919 0.006064 0.003104
1 0.318633 0.130109 0.008820 0.008795
1 0.162073 0.811174 0.167585 0.157268
1 0.771775 0.334196 0.173098 0.181066
1 0.425028 0.542938 0.033076 0.030523
1 0.484289 0.405587 0.173649 0.169684
1 0.770673 0.334454 0.175303 0.181583
1 0.761577 0.076048 0.189085 0.038282
1 0.761852 0.166580 0.189636 0.141749
1 0.847850 0.575530 0.024256 0.072944
1 0.836273 0.485256 0.041896 0.040352
1 0.683021 0.223745 0.034179 0.031557
1 0.755788 0.567770 0.001103 0.000517
1 0.372106 0.248319 0.126792 0.060010
1 0.498071 0.636575 0.200110 0.155717
1 0.458379 0.542680 0.031422 0.031040
1 0.670617 0.754527 0.142778 0.080186
1 0.955347 0.994051 0.003308 0.001552
0 0.295204 0.811174 0.505513 0.220383
1 0.425028 0.507501 0.031974 0.030005
1 0.684123 0.339369 0.034179 0.065184
1 0.162073 0.711588 0.048512 0.050181
1 0.687982 0.397051 0.048512 0.045008
1 0.766814 0.596741 0.031974 0.031557
1 0.633407 0.656751 0.052922 0.051216
1 0.458379 0.507501 0.031422 0.030005
1 0.794101 0.475944 0.035832 0.024832
1 0.490904 0.506984 0.031422 0.030005
1 0.767916 0.635282 0.031974 0.028971
1 0.716648 0.222969 0.033076 0.031040
1 0.527839 0.078117 0.261852 0.038282
1 0.491455 0.542162 0.032525 0.031040
1 0.381753 0.810140 0.265160 0.160372
1 0.576075 0.580445 0.047409 0.042421
1 0.710584 0.658303 0.035281 0.032592
1 0.706725 0.493016 0.076075 0.060010
1 0.644432 0.558717 0.039691 0.036213
1 0.546307 0.357217 0.046307 0.041904
1 0.840132 0.441024 0.036384 0.031557
1 0.582966 0.445163 0.019294 0.088464
1 0.705899 0.603207 0.072216 0.020693
1 0.890849 0.174082 0.017641 0.022245
1 0.528942 0.524315 0.034730 0.058458
1 0.817530 0.597258 0.034179 0.033626
1 0.805678 0.684946 0.110805 0.053802
1 0.426957 0.744439 0.173649 0.032074
1 0.804576 0.440766 0.031422 0.031040
1 0.891676 0.361873 0.017089 0.022245
1 0.699835 0.223487 0.067806 0.033109
1 0.684123 0.291516 0.031974 0.029488
1 0.893605 0.549146 0.017641 0.021211
1 0.362459 0.714692 0.044653 0.027419
1 0.891125 0.299276 0.017089 0.022245
1 0.833241 0.650285 0.051268 0.018624
1 0.723264 0.505691 0.038589 0.022245
1 0.365491 0.616399 0.018743 0.022245
1 0.647189 0.504397 0.033076 0.032074
1 0.775910 0.137351 0.020397 0.026384
1 0.296582 0.926280 0.037486 0.018107
1 0.633131 0.744956 0.052370 0.055872
1 0.515711 0.172012 0.021499 0.026384
1 0.618798 0.513709 0.031422 0.032074
1 0.555127 0.524056 0.088203 0.062080
1 0.363010 0.193223 0.019294 0.024315
1 0.724917 0.557682 0.039691 0.036213
1 0.683572 0.260217 0.031974 0.028971
1 0.693771 0.923952 0.043550 0.017589
1 0.684675 0.442576 0.031974 0.031557
1 0.890573 0.111485 0.018192 0.023280
1 0.636163 0.600362 0.019846 0.022245
1 0.364664 0.445680 0.019294 0.022245
1 0.356946 0.158044 0.047960 0.118469
1 0.802095 0.542162 0.019846 0.024832
1 0.770673 0.441542 0.033076 0.031557
1 0.386439 0.247543 0.098126 0.045008
1 0.708379 0.744180 0.054024 0.057424
1 0.686053 0.179514 0.049063 0.043456
1 0.296582 0.808588 0.022051 0.111743
1 0.893330 0.682876 0.018192 0.021728
1 0.363010 0.135541 0.020397 0.024832
1 0.865215 0.300310 0.012679 0.050181
1 0.973264 0.382307 0.019294 0.047594
1 0.390573 0.615365 0.012679 0.076048
1 0.974090 0.804708 0.020948 0.038800
1 0.688809 0.474651 0.032525 0.023280
1 0.147740 0.508795 0.020948 0.029488
1 0.865491 0.362131 0.013230 0.062080
1 0.633682 0.509053 0.062293 0.041386
1 0.683572 0.275737 0.034179 0.063114
1 0.453418 0.525349 0.110805 0.067770
1 0.147464 0.459390 0.019294 0.009312
1 0.677233 0.923952 0.009372 0.014485
1 0.742282 0.441542 0.021499 0.025349
1 0.771224 0.334454 0.017641 0.010864
1 0.694046 0.561304 0.020948 0.036213
1 0.147464 0.400155 0.019294 0.029488
