1 0.481132 0.956078 0.083857 0.081716
0 0.500524 0.139428 0.994759 0.278856
1 0.769392 0.271195 0.004193 0.001021
1 0.031971 0.157814 0.063941 0.237998
1 0.226939 0.262513 0.003145 0.006129
1 0.674004 0.892748 0.083857 0.073544
1 0.460692 0.418795 0.122642 0.042901
1 0.757338 0.765066 0.051363 0.138917
1 0.346960 0.810521 0.106918 0.052094
1 0.689203 0.810521 0.059748 0.048008
1 0.030398 0.623085 0.060797 0.621042
1 0.438155 0.768131 0.048218 0.038815
1 0.209119 0.984678 0.087002 0.030644
1 0.450210 0.768641 0.072327 0.043922
1 0.113208 0.345250 0.058700 0.059244
1 0.464885 0.855465 0.124738 0.035751
1 0.617925 0.297242 0.764151 0.034729
1 0.314465 0.810010 0.041929 0.051073
1 0.473795 0.768641 0.025157 0.043922
1 0.291929 0.924923 0.095388 0.084780
1 0.501048 0.418795 0.041929 0.042901
1 0.349057 0.715015 0.132075 0.134831
1 0.193920 0.245659 0.083857 0.082737
1 0.831237 0.690501 0.092243 0.175689
1 0.074948 0.295710 0.149895 0.031665
1 0.856918 0.887640 0.049266 0.059244
1 0.588574 0.894791 0.082809 0.083759
1 0.172956 0.520429 0.180294 0.060266
1 0.597484 0.365679 0.031447 0.022472
1 0.476415 0.517365 0.110063 0.025536
1 0.080189 0.985700 0.028302 0.016343
1 0.585954 0.795199 0.031447 0.023493
1 0.181866 0.520429 0.036688 0.043922
1 0.429769 0.160368 0.031447 0.030644
1 0.405136 0.957610 0.063941 0.062308
1 0.677149 0.927477 0.092243 0.145046
1 0.177149 0.390194 0.027254 0.016343
1 0.809224 0.887130 0.146751 0.062308
1 0.803459 0.498468 0.267296 0.365679
1 0.675052 0.966292 0.083857 0.067416
1 0.368449 0.812564 0.063941 0.048008
1 0.882600 0.362615 0.033543 0.024515
1 0.233753 0.669050 0.106918 0.112360
1 0.540881 0.696629 0.088050 0.083759
1 0.422432 0.418795 0.010482 0.020429
1 0.577044 0.270684 0.030398 0.014300
1 0.185010 0.352911 0.032495 0.023493
1 0.760482 0.270684 0.030398 0.014300
1 0.218553 0.583248 0.047170 0.032686
1 0.675577 0.638917 0.015723 0.025536
1 0.703878 0.634321 0.097484 0.079673
1 0.552411 0.331461 0.029350 0.005107
1 0.494759 0.331461 0.031447 0.005107
1 0.783019 0.887640 0.092243 0.061287
1 0.834906 0.670072 0.028302 0.016343
1 0.322851 0.330439 0.031447 0.005107
1 0.609539 0.331461 0.028302 0.005107
1 0.379979 0.331461 0.032495 0.005107
1 0.689727 0.763534 0.062893 0.141982
1 0.508386 0.704290 0.016771 0.027579
1 0.437631 0.331461 0.032495 0.005107
1 0.221698 0.668539 0.028302 0.015322
1 0.114780 0.739019 0.024109 0.045965
1 0.349581 0.269663 0.030398 0.016343
1 0.196541 0.644535 0.042977 0.061287
1 0.674528 0.822268 0.011530 0.018386
1 0.073899 0.156793 0.022013 0.246170
1 0.080713 0.958121 0.090147 0.083759
1 0.009434 0.967824 0.018868 0.064351
1 0.671908 0.768131 0.010482 0.016343
1 0.258386 0.804903 0.072327 0.061287
1 0.169287 0.783453 0.028302 0.032686
1 0.428721 0.516854 0.014675 0.022472
1 0.203878 0.988764 0.057652 0.022472
1 0.765199 0.991318 0.056604 0.017365
1 0.158281 0.625128 0.031447 0.120531
1 0.783543 0.913687 0.001048 0.003064
1 0.992138 0.363636 0.015723 0.026558
1 0.647275 0.926966 0.001048 0.001021
1 0.986897 0.670582 0.026205 0.094995
1 0.292977 0.330439 0.011530 0.005107
1 0.605346 0.365679 0.013627 0.022472
1 0.932390 0.643514 0.003145 0.004086
1 0.638889 0.857508 0.001048 0.001021
1 0.581237 0.331461 0.009434 0.005107
1 0.419287 0.418795 0.039832 0.042901
1 0.637841 0.331971 0.007338 0.006129
1 0.580713 0.331971 0.008386 0.004086
1 0.171908 0.519918 0.058700 0.044944
1 0.459119 0.418795 0.039832 0.040858
