1 0.501222 0.984962 0.992665 0.030075
1 0.534230 0.464286 0.066015 0.191729
1 0.488998 0.616541 0.122249 0.093985
1 0.766504 0.242481 0.051345 0.090226
1 0.980440 0.686090 0.039120 0.221805
1 0.705379 0.512218 0.066015 0.283835
1 0.234719 0.883459 0.273839 0.120301
1 0.066015 0.882519 0.048900 0.118421
1 0.116137 0.610902 0.041565 0.022556
1 0.705379 0.512218 0.066015 0.283835
1 0.827628 0.685150 0.217604 0.219925
1 0.114914 0.671992 0.039120 0.020677
1 0.481663 0.182331 0.117359 0.135338
1 0.684597 0.817669 0.112469 0.022556
1 0.894866 0.360902 0.044010 0.026316
1 0.766504 0.214286 0.051345 0.033835
1 0.601467 0.781015 0.044010 0.050752
1 0.864303 0.087406 0.105134 0.024436
1 0.147922 0.861842 0.061125 0.020677
1 0.578240 0.614662 0.031785 0.022556
1 0.265281 0.340226 0.158924 0.030075
1 0.931540 0.818609 0.136919 0.024436
1 0.794621 0.671992 0.039120 0.020677
1 0.915648 0.215226 0.051345 0.039474
1 0.691932 0.324248 0.073350 0.058271
1 0.765281 0.260338 0.048900 0.054511
1 0.391198 0.339286 0.044010 0.028195
1 0.055012 0.655075 0.002445 0.001880
1 0.732274 0.183271 0.144254 0.024436
1 0.981663 0.511278 0.036675 0.105263
1 0.914425 0.256579 0.048900 0.043233
1 0.652812 0.748120 0.029340 0.037594
1 0.116137 0.785714 0.119804 0.041353
1 0.904645 0.360902 0.058680 0.026316
1 0.981663 0.318609 0.036675 0.039474
1 0.969438 0.930451 0.061125 0.075188
1 0.484108 0.145677 0.112469 0.062030
1 0.222494 0.541353 0.347188 0.199248
1 0.974328 0.871241 0.002445 0.005639
1 0.364303 0.512218 0.063570 0.129699
1 0.488998 0.953008 0.210269 0.037594
1 0.704156 0.605263 0.063570 0.090226
1 0.938875 0.183271 0.117359 0.024436
1 0.699267 0.406015 0.053790 0.071429
1 0.394866 0.105263 0.007335 0.033835
1 0.925428 0.360902 0.017115 0.026316
1 0.980440 0.256579 0.034230 0.043233
1 0.207824 0.373120 0.048900 0.028195
1 0.918093 0.318609 0.036675 0.039474
1 0.195599 0.340226 0.019560 0.026316
1 0.469438 0.339286 0.058680 0.028195
1 0.391198 0.758459 0.014670 0.095865
1 0.202934 0.885338 0.347188 0.131579
1 0.654034 0.799812 0.031785 0.013158
1 0.951100 0.105263 0.014670 0.139098
1 0.404645 0.184211 0.056235 0.022556
1 0.640587 0.203947 0.039120 0.005639
1 0.836186 0.486842 0.048900 0.022556
1 0.577017 0.203947 0.034230 0.005639
1 0.982885 0.531015 0.034230 0.065789
1 0.700489 0.462406 0.056235 0.180451
1 0.974328 0.360902 0.017115 0.026316
1 0.333741 0.339286 0.022005 0.028195
1 0.812958 0.325188 0.036675 0.026316
1 0.601467 0.740602 0.039120 0.022556
1 0.195599 0.373120 0.024450 0.028195
1 0.869193 0.797932 0.036675 0.005639
1 0.277506 0.340226 0.022005 0.026316
1 0.474328 0.212406 0.078240 0.075188
1 0.470660 0.886278 0.188264 0.129699
1 0.914425 0.236842 0.053790 0.082707
1 0.984108 0.476504 0.031785 0.031955
1 0.487775 0.339286 0.022005 0.028195
1 0.605134 0.693609 0.066015 0.048872
1 0.833741 0.416353 0.024450 0.016917
1 0.608802 0.203947 0.009780 0.005639
1 0.267726 0.205827 0.036675 0.005639
1 0.833741 0.415414 0.019560 0.015038
1 0.298289 0.205827 0.009780 0.005639
1 0.808068 0.796992 0.036675 0.003759
1 0.330073 0.205827 0.039120 0.005639
1 0.980440 0.215226 0.034230 0.039474
1 0.105134 0.671992 0.019560 0.020677
1 0.672372 0.203947 0.009780 0.005639
1 0.924205 0.797932 0.024450 0.005639
