1 0.935345 0.090558 0.006897 0.006009
1 0.270690 0.247210 0.075862 0.108155
1 0.509914 0.173391 0.018103 0.048069
0 0.197414 0.779828 0.334483 0.376824
1 0.510345 0.544635 0.017241 0.048927
1 0.471552 0.528326 0.034483 0.035193
1 0.700862 0.450644 0.034483 0.036052
1 0.104310 0.057082 0.003448 0.002575
1 0.228017 0.390987 0.033621 0.045494
1 0.017672 0.932189 0.002586 0.005150
1 0.800862 0.451073 0.034483 0.035193
1 0.801724 0.264378 0.034483 0.034335
1 0.284483 0.087983 0.048276 0.040343
1 0.855172 0.075536 0.172414 0.087554
1 0.701293 0.264378 0.035345 0.034335
1 0.770259 0.366953 0.016379 0.047210
1 0.484483 0.715451 0.017241 0.048927
1 0.131466 0.612876 0.028448 0.025751
1 0.482328 0.459657 0.040517 0.038627
1 0.897414 0.075536 0.017241 0.048069
1 0.832328 0.107296 0.035345 0.042918
1 0.431897 0.575107 0.024138 0.027468
1 0.620690 0.324893 0.094828 0.081545
1 0.131466 0.716738 0.038793 0.046352
1 0.251293 0.247639 0.035345 0.109013
1 0.734052 0.207296 0.028448 0.023176
1 0.618966 0.418455 0.018966 0.014592
1 0.302155 0.648927 0.038793 0.042918
1 0.305603 0.698712 0.085345 0.010300
1 0.474138 0.385408 0.037931 0.039485
1 0.168103 0.448069 0.012069 0.044635
1 0.475431 0.710730 0.037069 0.060086
1 0.174138 0.224464 0.012069 0.047210
1 0.110345 0.074678 0.006897 0.027468
1 0.488793 0.557511 0.010345 0.018026
1 0.764224 0.270815 0.019828 0.021459
1 0.384483 0.575536 0.022414 0.019742
1 0.167241 0.020172 0.025862 0.007725
1 0.368534 0.648069 0.047414 0.039485
1 0.376293 0.110730 0.033621 0.006867
1 0.497414 0.299142 0.041379 0.026609
1 0.948276 0.201288 0.008621 0.042060
1 0.851724 0.365665 0.027586 0.044635
1 0.734483 0.238197 0.029310 0.084979
1 0.225000 0.019742 0.025862 0.006867
1 0.488362 0.184549 0.011207 0.018884
1 0.020690 0.943348 0.012069 0.061803
1 0.106034 0.874678 0.012069 0.037768
1 0.859052 0.527039 0.012931 0.041202
1 0.017672 0.803863 0.009483 0.035193
1 0.766379 0.457082 0.025862 0.040343
1 0.948276 0.508155 0.008621 0.039485
1 0.424569 0.527468 0.011207 0.043777
1 0.237931 0.730043 0.008621 0.033476
1 0.423707 0.293991 0.012931 0.055794
1 0.948707 0.326609 0.007759 0.030043
1 0.646121 0.225322 0.011207 0.024893
1 0.751724 0.475107 0.132759 0.083262
1 0.948276 0.384549 0.008621 0.037768
1 0.389224 0.281974 0.045690 0.047210
1 0.858621 0.365665 0.013793 0.042918
1 0.192241 0.195279 0.020690 0.031760
1 0.388362 0.521888 0.011207 0.012017
1 0.585345 0.384979 0.024138 0.014592
1 0.168534 0.263519 0.026724 0.025751
1 0.103017 0.400858 0.016379 0.037768
1 0.359914 0.803863 0.009483 0.066094
1 0.149569 0.230043 0.019828 0.037768
1 0.653448 0.216309 0.025862 0.044635
1 0.644397 0.536052 0.011207 0.024893
1 0.099138 0.874678 0.025862 0.039485
1 0.487931 0.294421 0.063793 0.039485
1 0.859483 0.214592 0.012069 0.044635
1 0.296121 0.299571 0.012931 0.008584
1 0.386207 0.176824 0.027586 0.039485
1 0.296121 0.299571 0.011207 0.006867
1 0.219828 0.642060 0.093103 0.077253
1 0.734914 0.457082 0.025000 0.040343
