1 0.606182 0.874404 0.125818 0.202438
0 0.266909 0.496555 0.446545 0.958135
1 0.330182 0.562003 0.218182 0.126656
1 0.788364 0.325914 0.005818 0.002120
0 0.758182 0.733174 0.426909 0.466879
1 0.338909 0.417859 0.171636 0.129836
1 0.188000 0.931108 0.008000 0.003180
1 0.844364 0.123741 0.232727 0.182830
1 0.768364 0.267886 0.168000 0.095919
1 0.478909 0.486222 0.000727 0.001590
1 0.658545 0.062003 0.022545 0.028617
1 0.097818 0.460784 0.031273 0.036566
1 0.631636 0.536831 0.188364 0.080551
1 0.660364 0.401961 0.208000 0.163752
1 0.583273 0.235029 0.050909 0.021728
1 0.101091 0.390302 0.042182 0.021728
1 0.580000 0.083201 0.038545 0.089030
1 0.401091 0.072867 0.029818 0.015368
1 0.640727 0.103869 0.023273 0.039216
1 0.570545 0.198728 0.029818 0.031797
1 0.893455 0.073132 0.031273 0.014838
1 0.906545 0.266561 0.108364 0.096449
1 0.614909 0.450715 0.031273 0.013249
1 0.409455 0.266031 0.120727 0.099629
1 0.689455 0.490196 0.007273 0.002120
1 0.085455 0.242183 0.042909 0.018018
1 0.639273 0.304187 0.078545 0.030737
1 0.893091 0.449921 0.030545 0.014838
1 0.178545 0.545575 0.085091 0.034446
1 0.099636 0.424748 0.030545 0.015368
1 0.103273 0.877054 0.113455 0.185480
1 0.731273 0.341282 0.061818 0.044515
1 0.553818 0.491521 0.050182 0.014308
1 0.809818 0.341282 0.060364 0.045575
1 0.597455 0.767886 0.002182 0.001060
1 0.705455 0.055379 0.040727 0.035506
1 0.714909 0.957605 0.004364 0.005299
1 0.478545 0.267621 0.018909 0.064653
