1 0.498486 0.031462 0.996973 0.062924
1 0.534813 0.622943 0.090817 0.090029
1 0.492432 0.108422 0.004036 0.003872
1 0.781534 0.876089 0.105954 0.205227
1 0.030272 0.993708 0.002018 0.002904
1 0.916751 0.942401 0.166498 0.097773
1 0.402624 0.727977 0.076690 0.048403
1 0.451564 0.946757 0.503532 0.106486
1 0.878910 0.833495 0.078708 0.071636
1 0.781534 0.876089 0.105954 0.205227
1 0.619072 0.707648 0.055499 0.079380
1 0.275479 0.775411 0.048436 0.065828
1 0.879415 0.768151 0.077699 0.057115
1 0.117558 0.945789 0.162462 0.108422
1 0.674067 0.816070 0.040363 0.108422
1 0.178607 0.838335 0.127144 0.071636
1 0.075681 0.839303 0.070636 0.069700
1 0.341574 0.770087 0.025227 0.194579
1 0.971746 0.666021 0.056509 0.081317
1 0.575681 0.839787 0.073663 0.049371
1 0.411201 0.824782 0.099899 0.083253
1 0.880424 0.708132 0.077699 0.060987
1 0.500505 0.822362 0.076690 0.084221
1 0.064581 0.948693 0.129162 0.102614
1 0.423310 0.612778 0.077699 0.092933
1 0.686680 0.865440 0.001009 0.001936
1 0.609990 0.075508 0.091826 0.027106
1 0.525732 0.074540 0.068618 0.025169
1 0.141271 0.838819 0.203835 0.072604
1 0.988396 0.997580 0.007064 0.004840
1 0.512109 0.105518 0.031282 0.013553
1 0.900101 0.616651 0.040363 0.118103
1 0.886478 0.716844 0.099899 0.341723
1 0.436932 0.074056 0.056509 0.024201
