1 0.193629 0.113536 0.006778 0.017078
1 0.832580 0.294434 0.159512 0.177736
1 0.354044 0.423782 0.044736 0.063251
1 0.552643 0.304870 0.131044 0.192283
1 0.682784 0.339658 0.118391 0.263125
1 0.490059 0.197976 0.063714 0.018975
1 0.547447 0.812144 0.125169 0.058191
1 0.167646 0.307717 0.196114 0.197976
1 0.242431 0.199557 0.125169 0.020873
1 0.698373 0.509488 0.041121 0.055028
1 0.216222 0.432954 0.047447 0.034788
1 0.085856 0.440544 0.029824 0.027198
1 0.158608 0.597723 0.000904 0.001265
1 0.612969 0.197343 0.046543 0.018975
1 0.483732 0.448767 0.051966 0.070209
1 0.495255 0.449399 0.028920 0.068944
1 0.892454 0.509171 0.001808 0.006325
1 0.699729 0.523087 0.079982 0.087287
1 0.126977 0.204301 0.001808 0.002530
1 0.299593 0.548387 0.039765 0.055661
1 0.466109 0.703352 0.025757 0.037951
1 0.434252 0.165718 0.076819 0.080961
1 0.547447 0.713472 0.063714 0.097407
1 0.636918 0.543011 0.029372 0.029728
1 0.660642 0.522770 0.158156 0.094244
1 0.839810 0.441493 0.166742 0.079696
1 0.544284 0.525933 0.071848 0.086654
1 0.352689 0.530677 0.029372 0.031626
1 0.284230 0.638204 0.030728 0.039216
1 0.480795 0.774510 0.093990 0.022138
1 0.603931 0.773561 0.055581 0.018975
1 0.143922 0.586022 0.014008 0.013283
1 0.232942 0.493675 0.015816 0.024668
1 0.444871 0.387729 0.017623 0.015180
1 0.603028 0.496837 0.025757 0.024668
1 0.782874 0.392473 0.042928 0.019608
1 0.395165 0.527830 0.044736 0.038583
1 0.702214 0.734345 0.008134 0.015180
1 0.566426 0.487982 0.130592 0.162555
1 0.056484 0.690386 0.023498 0.061354
1 0.552192 0.791904 0.048803 0.055661
1 0.056033 0.683428 0.024401 0.095509
1 0.500000 0.957938 1.000000 0.080329
1 0.663805 0.771980 0.064166 0.018343
1 0.555807 0.201771 0.065070 0.013915
1 0.619295 0.524035 0.072752 0.086654
1 0.555581 0.198292 0.066426 0.020873
1 0.128784 0.775775 0.043380 0.020873
1 0.669227 0.197660 0.063263 0.020873
1 0.385450 0.199241 0.051514 0.018975
1 0.485088 0.671727 0.064618 0.183428
1 0.146859 0.202087 0.064166 0.013283
1 0.544736 0.673624 0.003163 0.005060
1 0.869408 0.735294 0.016268 0.014548
1 0.466335 0.743201 0.027113 0.040481
1 0.680750 0.639152 0.019431 0.010753
1 0.331225 0.199873 0.049706 0.020240
1 0.084953 0.198925 0.056033 0.019608
1 0.423859 0.799810 0.036150 0.049968
1 0.078174 0.573371 0.021690 0.015813
1 0.649797 0.638836 0.029824 0.011385
1 0.574108 0.912081 0.024853 0.016445
1 0.723678 0.772612 0.055581 0.018343
1 0.369860 0.823213 0.063714 0.022138
1 0.698599 0.868121 0.108450 0.101834
1 0.106869 0.746363 0.004971 0.039216
