0 0.801233 0.416107 0.345146 0.697987
1 0.287365 0.445190 0.057011 0.080537
1 0.372881 0.482103 0.036980 0.127517
1 0.816641 0.681208 0.030817 0.082774
1 0.059322 0.484340 0.026194 0.087248
1 0.787365 0.164430 0.083205 0.145414
1 0.329738 0.832215 0.317411 0.152125
1 0.099384 0.488814 0.053929 0.082774
1 0.573960 0.262864 0.109399 0.293065
1 0.297381 0.158837 0.107858 0.143177
1 0.224961 0.391499 0.052388 0.044743
1 0.211864 0.392617 0.078582 0.046980
1 0.206471 0.104027 0.027735 0.033557
0 0.266564 0.485459 0.449923 0.841163
1 0.137134 0.317673 0.046225 0.067114
1 0.120955 0.046980 0.038521 0.026846
1 0.137904 0.257271 0.023112 0.040268
1 0.200308 0.630872 0.043143 0.143177
1 0.100154 0.483221 0.107858 0.152125
1 0.184129 0.171141 0.029276 0.029083
1 0.101695 0.173378 0.098613 0.096197
1 0.378274 0.266219 0.044684 0.058166
1 0.073190 0.257271 0.023112 0.040268
0 0.320493 0.407159 0.335901 0.680089
1 0.690293 0.464206 0.030817 0.042506
1 0.855932 0.448546 0.041602 0.060403
1 0.267334 0.620805 0.044684 0.060403
1 0.214176 0.258389 0.043143 0.064877
1 0.583205 0.178971 0.063174 0.022371
1 0.304314 0.290828 0.090909 0.044743
1 0.400616 0.040268 0.024653 0.026846
1 0.855162 0.281879 0.043143 0.058166
1 0.777350 0.522371 0.041602 0.060403
1 0.516949 0.275168 0.016949 0.022371
1 0.899076 0.713647 0.075501 0.053691
1 0.788906 0.446309 0.086287 0.078300
1 0.287365 0.467562 0.057011 0.129754
1 0.332820 0.039150 0.015408 0.024609
1 0.615562 0.521253 0.016949 0.035794
1 0.329738 0.732662 0.015408 0.011186
1 0.929122 0.365772 0.049307 0.096197
1 0.662558 0.464206 0.024653 0.042506
1 0.869029 0.364653 0.067797 0.093960
1 0.613251 0.372483 0.030817 0.060403
1 0.425270 0.672260 0.101695 0.131991
1 0.302773 0.387025 0.084746 0.031320
1 0.026194 0.164430 0.036980 0.073826
1 0.815871 0.512304 0.029276 0.035794
1 0.328968 0.731544 0.013867 0.008949
1 0.690293 0.146532 0.089368 0.109620
1 0.825116 0.449664 0.007704 0.026846
1 0.124807 0.440716 0.046225 0.058166
1 0.786595 0.263982 0.057011 0.022371
1 0.106317 0.257271 0.036980 0.040268
1 0.929122 0.341163 0.046225 0.046980
1 0.825886 0.449664 0.009245 0.031320
1 0.078582 0.649888 0.151002 0.181208
1 0.184900 0.390380 0.024653 0.042506
1 0.725732 0.466443 0.030817 0.042506
1 0.174884 0.317673 0.007704 0.026846
1 0.932974 0.549217 0.044684 0.149888
1 0.893683 0.203579 0.117103 0.228188
1 0.677966 0.465324 0.055470 0.044743
1 0.201079 0.156600 0.069337 0.143177
1 0.929122 0.390380 0.046225 0.042506
1 0.696456 0.077181 0.021572 0.020134
1 0.667951 0.180089 0.032357 0.029083
1 0.691063 0.705817 0.053929 0.020134
1 0.775809 0.287472 0.035439 0.020134
1 0.878274 0.077181 0.058552 0.020134
1 0.461479 0.525727 0.029276 0.035794
1 0.825886 0.388143 0.003082 0.002237
1 0.877504 0.042506 0.035439 0.022371
1 0.816641 0.621924 0.027735 0.035794
1 0.361325 0.074944 0.020031 0.020134
1 0.952234 0.752796 0.046225 0.024609
1 0.304314 0.335570 0.090909 0.044743
1 0.879815 0.145414 0.055470 0.022371
1 0.518490 0.560403 0.016949 0.024609
1 0.462250 0.451902 0.030817 0.183445
1 0.290447 0.487696 0.013867 0.017897
1 0.363636 0.261745 0.006163 0.022371
1 0.419877 0.786353 0.023112 0.024609
1 0.740370 0.787472 0.035439 0.026846
1 0.229584 0.495526 0.012327 0.020134
1 0.080894 0.739374 0.146379 0.006711
1 0.902928 0.787472 0.036980 0.026846
1 0.694915 0.042506 0.030817 0.026846
1 0.332049 0.074944 0.038521 0.020134
1 0.413713 0.324385 0.118644 0.053691
1 0.644838 0.033557 0.013867 0.067114
1 0.816641 0.565996 0.027735 0.067114
1 0.695686 0.464206 0.090909 0.046980
1 0.023112 0.344519 0.009245 0.008949
1 0.240370 0.157718 0.009245 0.140940
1 0.518490 0.552573 0.016949 0.040268
1 0.403698 0.326622 0.030817 0.044743
1 0.296610 0.505593 0.038521 0.053691
1 0.865177 0.077181 0.032357 0.020134
1 0.479199 0.914989 0.003082 0.004474
1 0.459168 0.318792 0.024653 0.042506
1 0.792758 0.326622 0.020031 0.013423
1 0.173344 0.247204 0.010786 0.038031
1 0.404468 0.081655 0.001541 0.002237
