1 0.056706 0.685564 0.001911 0.002100
1 0.154826 0.596588 0.057980 0.092913
1 0.528512 0.713648 0.002549 0.008924
1 0.862695 0.791076 0.064352 0.044094
1 0.682861 0.788451 0.064033 0.044094
1 0.517681 0.716798 0.001274 0.005774
1 0.621376 0.413123 0.051927 0.080840
1 0.552087 0.279528 0.064989 0.042520
1 0.164065 0.483727 0.037592 0.061417
1 0.446320 0.309186 0.025486 0.104987
1 0.302166 0.727297 0.091430 0.103412
1 0.884040 0.676903 0.064352 0.042520
1 0.465116 0.392913 0.063715 0.043570
1 0.106722 0.419948 0.028672 0.050394
1 0.665021 0.400000 0.028353 0.048294
1 0.750398 0.349606 0.081236 0.076640
1 0.759955 0.630446 0.113093 0.034646
1 0.174259 0.759580 0.017840 0.030446
1 0.302166 0.575853 0.091430 0.187927
1 0.882447 0.656955 0.069449 0.082415
1 0.762026 0.501837 0.091112 0.075591
1 0.755655 0.281890 0.063715 0.044094
1 0.505734 0.219423 0.022619 0.124934
1 0.577732 0.345932 0.023256 0.041995
1 0.750398 0.323622 0.081236 0.128609
1 0.878783 0.538058 0.076139 0.091339
1 0.262185 0.512861 0.011469 0.061942
1 0.769672 0.488714 0.038229 0.043045
1 0.878464 0.571391 0.074865 0.024672
1 0.832112 0.672178 0.027397 0.040420
1 0.538229 0.482677 0.020070 0.063517
1 0.536477 0.804199 0.067537 0.056693
1 0.329404 0.424147 0.038229 0.097638
1 0.144313 0.408399 0.023574 0.039895
1 0.542848 0.687664 0.008920 0.110236
1 0.164065 0.352756 0.057980 0.032546
1 0.613730 0.482152 0.029627 0.056168
1 0.689551 0.284252 0.027716 0.041470
1 0.616279 0.201050 0.021344 0.033596
1 0.273973 0.636483 0.038229 0.080315
1 0.200701 0.604724 0.023574 0.038845
1 0.329245 0.423885 0.038547 0.098163
1 0.482638 0.522047 0.047149 0.017323
1 0.577095 0.148294 0.048104 0.020472
1 0.673144 0.233858 0.005734 0.149606
1 0.878464 0.537270 0.074865 0.044619
1 0.519114 0.679528 0.008601 0.093963
1 0.181746 0.324409 0.083147 0.096588
1 0.610704 0.281627 0.028034 0.044619
1 0.501911 0.339370 0.030902 0.046719
1 0.750717 0.323622 0.081236 0.128609
1 0.176649 0.776115 0.009876 0.006824
1 0.215992 0.790551 0.040140 0.026247
1 0.733355 0.503937 0.033132 0.068241
1 0.882287 0.632808 0.069130 0.034121
1 0.464161 0.146719 0.047149 0.018373
1 0.137623 0.717585 0.022300 0.069291
1 0.537432 0.687139 0.069449 0.113386
1 0.825422 0.455118 0.028034 0.010499
1 0.733514 0.374016 0.047467 0.027822
1 0.731921 0.231759 0.112456 0.142257
1 0.697037 0.454331 0.022300 0.009974
1 0.285919 0.451969 0.036636 0.048294
