0 0.513807 0.209264 0.940658 0.418529
1 0.420682 0.627793 0.049354 0.039572
1 0.858108 0.656425 0.100470 0.089385
1 0.915981 0.854981 0.045828 0.090782
1 0.916275 0.752793 0.046416 0.091248
1 0.116921 0.248836 0.081081 0.247207
1 0.949765 0.869181 0.000588 0.000931
1 0.830494 0.793994 0.005288 0.018156
1 0.509988 0.717179 0.169213 0.032123
1 0.698296 0.636173 0.037015 0.050745
1 0.575206 0.852654 0.104583 0.078678
1 0.576675 0.852421 0.044066 0.076350
1 0.135135 0.517691 0.131610 0.043762
1 0.431551 0.533985 0.001763 0.000931
1 0.412162 0.529330 0.052291 0.045624
1 0.460047 0.148510 0.024677 0.031657
1 0.577850 0.484870 0.159224 0.108473
1 0.906580 0.567039 0.068155 0.027933
1 0.707109 0.145484 0.027615 0.022812
1 0.300529 0.637104 0.047591 0.038641
1 0.732961 0.807961 0.024089 0.029330
1 0.465629 0.771182 0.052291 0.058194
1 0.465041 0.313547 0.055817 0.128957
1 0.584313 0.083566 0.022914 0.013501
1 0.952409 0.233473 0.016451 0.020019
1 0.239130 0.699953 0.037603 0.020950
1 0.008226 0.994646 0.004700 0.004190
1 0.738249 0.603352 0.038190 0.099628
1 0.362808 0.485801 0.592832 0.113128
1 0.616040 0.134544 0.041716 0.014898
1 0.819918 0.234404 0.078143 0.011639
1 0.402761 0.984404 0.076968 0.014432
1 0.689777 0.827980 0.036428 0.144786
1 0.234430 0.856611 0.023502 0.023277
1 0.899236 0.146415 0.042891 0.009777
1 0.419800 0.525605 0.005288 0.002793
1 0.570799 0.793994 0.051116 0.011639
1 0.306698 0.234404 0.078731 0.010708
1 0.586663 0.793994 0.082844 0.012570
1 0.307873 0.604981 0.032902 0.020019
1 0.320505 0.362430 0.207403 0.030261
1 0.717685 0.546555 0.159224 0.014898
1 0.210341 0.233939 0.016451 0.019088
1 0.131904 0.398277 0.138073 0.042365
1 0.389835 0.327281 0.033490 0.018622
1 0.981786 0.484870 0.010576 0.018156
1 0.372503 0.232542 0.003525 0.002328
1 0.186839 0.745810 0.045828 0.040037
1 0.251763 0.672020 0.042891 0.009777
1 0.615746 0.794460 0.024677 0.010708
1 0.402761 0.930866 0.053467 0.042365
1 0.879553 0.234637 0.027027 0.011173
1 0.847239 0.015596 0.037603 0.014432
1 0.748531 0.956937 0.495887 0.086127
1 0.773796 0.857775 0.124559 0.061918
1 0.617509 0.015829 0.038778 0.014898
1 0.048179 0.087291 0.002350 0.000466
1 0.070212 0.172719 0.017039 0.015829
1 0.365746 0.235102 0.025264 0.012104
1 0.183020 0.206238 0.045241 0.037244
1 0.238837 0.883613 0.032315 0.027933
1 0.403055 0.950186 0.151586 0.081006
1 0.829025 0.793994 0.011751 0.020950
1 0.552585 0.283985 0.114571 0.102421
1 0.985605 0.233706 0.019389 0.035382
1 0.923032 0.260940 0.037603 0.010708
1 0.546710 0.638501 0.100470 0.015363
1 0.071974 0.666201 0.015864 0.013966
1 0.732080 0.024907 0.018801 0.046089
1 0.527908 0.326816 0.033490 0.017691
1 0.650999 0.083333 0.028202 0.013966
1 0.463866 0.820531 0.059342 0.157821
1 0.400411 0.703678 0.019389 0.008845
1 0.981199 0.727188 0.010576 0.017691
1 0.487955 0.145950 0.015864 0.022812
1 0.509401 0.546322 0.015276 0.014432
1 0.071093 0.546089 0.015276 0.012104
1 0.340776 0.875466 0.022327 0.047020
1 0.766451 0.720438 0.000588 0.001397
1 0.539072 0.852654 0.031140 0.020950
1 0.170975 0.915037 0.074031 0.017225
1 0.463572 0.878259 0.057579 0.041434
1 0.402761 0.950186 0.152174 0.081937
1 0.211222 0.312151 0.018214 0.068436
1 0.528202 0.637337 0.062280 0.011173
1 0.581081 0.638035 0.028202 0.012570
1 0.463572 0.178305 0.091657 0.093110
1 0.575206 0.545857 0.015276 0.014432
