1 0.410477 0.383162 0.037529 0.046964
1 0.295543 0.431271 0.046912 0.046964
1 0.171618 0.243414 0.089914 0.065292
1 0.942924 0.907789 0.003127 0.001145
1 0.229867 0.490836 0.020328 0.044674
1 0.850274 0.428981 0.069586 0.063001
1 0.697811 0.435853 0.017983 0.026346
1 0.306489 0.831615 0.020328 0.137457
1 0.726349 0.855097 0.020328 0.092784
1 0.998436 0.268614 0.003127 0.010309
1 0.295934 0.544101 0.047694 0.068729
1 0.297498 0.662085 0.043002 0.158076
1 0.196638 0.399198 0.049257 0.069874
1 0.865520 0.488545 0.003127 0.003436
1 0.862002 0.675830 0.094605 0.126002
1 0.883112 0.179840 0.043002 0.130584
1 0.500000 0.957045 1.000000 0.081329
1 0.591478 0.911226 0.000782 0.008018
1 0.535966 0.648339 0.022674 0.187858
1 0.292416 0.479381 0.053167 0.024055
1 0.363956 0.781214 0.049257 0.077892
1 0.370993 0.172394 0.083659 0.021764
1 0.493745 0.379725 0.030493 0.040092
1 0.517201 0.894044 0.013292 0.017182
1 0.854183 0.884307 0.019547 0.032073
1 0.168882 0.882589 0.021892 0.030928
1 0.783425 0.502864 0.042220 0.061856
1 0.073495 0.477663 0.021892 0.029782
1 0.517201 0.768614 0.014855 0.013746
1 0.834246 0.183276 0.040657 0.038946
1 0.111024 0.841352 0.017201 0.033219
1 0.417514 0.695304 0.021892 0.050401
1 0.434324 0.587056 0.071149 0.060710
1 0.107506 0.883162 0.016419 0.032073
1 0.195465 0.662085 0.043784 0.158076
1 0.986708 0.843070 0.017201 0.032073
1 0.146208 0.883734 0.017201 0.030928
1 0.274042 0.861397 0.044566 0.112257
1 0.517201 0.837342 0.058640 0.020619
1 0.281079 0.301260 0.025801 0.020619
1 0.832682 0.884307 0.017201 0.032073
1 0.707584 0.331042 0.026583 0.020619
1 0.675919 0.493700 0.010164 0.050401
1 0.890149 0.864261 0.219703 0.111111
1 0.270524 0.184422 0.117279 0.048110
1 0.123534 0.438144 0.051603 0.088202
1 0.239640 0.739977 0.053948 0.025200
1 0.893276 0.884307 0.017983 0.032073
1 0.109461 0.591638 0.051603 0.028637
1 0.955043 0.239977 0.035184 0.021764
1 0.451916 0.648912 0.114152 0.186712
1 0.441751 0.182131 0.054730 0.027491
1 0.672400 0.187285 0.115715 0.046964
1 0.301407 0.185567 0.055512 0.045819
1 0.363956 0.566438 0.011728 0.019473
1 0.095778 0.238259 0.072713 0.022910
1 0.946833 0.843070 0.018765 0.032073
1 0.985536 0.885452 0.017983 0.032073
1 0.186474 0.490263 0.025801 0.045819
1 0.849101 0.331042 0.026583 0.020619
1 0.642690 0.187858 0.054730 0.045819
1 0.894449 0.554983 0.010946 0.019473
1 0.364738 0.680412 0.052385 0.121420
1 0.641126 0.739404 0.054730 0.026346
1 0.702893 0.187858 0.054730 0.045819
1 0.069586 0.840779 0.018765 0.032073
1 0.517201 0.371707 0.005473 0.067583
1 0.016028 0.138603 0.017983 0.004582
1 0.110242 0.329324 0.051603 0.026346
1 0.983972 0.139175 0.019547 0.003436
1 0.494136 0.408935 0.031274 0.098511
1 0.885457 0.554983 0.028929 0.021764
1 0.461298 0.442726 0.018765 0.035510
1 0.852619 0.919244 0.019547 0.003436
1 0.078968 0.841352 0.084441 0.035510
1 0.331118 0.680412 0.016419 0.121420
1 0.852619 0.918671 0.019547 0.004582
1 0.672791 0.246277 0.002346 0.027491
1 0.364738 0.658076 0.049257 0.074456
1 0.672791 0.296678 0.002346 0.027491
1 0.788507 0.424971 0.032056 0.061856
1 0.535966 0.532646 0.022674 0.045819
1 0.364347 0.719931 0.053167 0.200458
1 0.536357 0.379725 0.021892 0.040092
1 0.672400 0.395762 0.003127 0.028637
1 0.672400 0.445017 0.003127 0.026346
1 0.818999 0.918671 0.019547 0.004582
1 0.240031 0.771478 0.039093 0.012600
1 0.818608 0.919244 0.018765 0.003436
1 0.858483 0.083047 0.067240 0.014891
1 0.541439 0.836770 0.010164 0.019473
1 0.271306 0.918099 0.003127 0.001145
1 0.672791 0.347079 0.002346 0.027491
1 0.672400 0.544674 0.003127 0.028637
1 0.966771 0.157503 0.053948 0.040092
1 0.450352 0.532646 0.117279 0.045819
1 0.889758 0.919244 0.025020 0.003436
1 0.889758 0.919817 0.025020 0.004582
1 0.450352 0.301260 0.012510 0.020619
