1 0.822044 0.151084 0.002463 0.004065
1 0.317118 0.265583 0.023399 0.051491
1 0.700739 0.531165 0.023399 0.051491
1 0.241379 0.604336 0.023399 0.051491
1 0.106527 0.575881 0.023399 0.051491
1 0.572044 0.567751 0.023399 0.051491
1 0.448892 0.304878 0.023399 0.051491
1 0.832820 0.316396 0.024015 0.052846
1 0.444889 0.113144 0.014163 0.014905
1 0.876847 0.365176 0.001232 0.004065
1 0.675800 0.776423 0.024015 0.051491
1 0.518165 0.478320 0.000616 0.002710
1 0.327586 0.009485 0.011084 0.018970
1 0.923953 0.709350 0.001847 0.004065
1 0.221367 0.461382 0.000616 0.001355
0 0.782020 0.629404 0.312808 0.359079
1 0.261700 0.655149 0.020936 0.050136
1 0.745382 0.260163 0.024015 0.051491
1 0.854680 0.049458 0.016010 0.042005
1 0.012315 0.410569 0.008621 0.027100
1 0.765702 0.366531 0.022783 0.020325
1 0.161022 0.449187 0.075739 0.023035
1 0.608067 0.569783 0.006773 0.047425
1 0.291564 0.176152 0.075739 0.073171
1 0.901786 0.649729 0.049877 0.104336
1 0.416872 0.008808 0.006158 0.017615
1 0.612377 0.506775 0.015394 0.032520
1 0.918103 0.794715 0.016010 0.017615
1 0.021860 0.009485 0.031404 0.018970
1 0.372537 0.365176 0.044335 0.020325
1 0.329741 0.339431 0.012931 0.031165
1 0.261392 0.653794 0.021552 0.050136
1 0.800185 0.521003 0.080665 0.069106
1 0.489224 0.637534 0.014163 0.042005
1 0.139470 0.569783 0.006773 0.074526
1 0.410714 0.238482 0.030788 0.273713
1 0.699507 0.239160 0.007389 0.039295
1 0.418103 0.764228 0.008621 0.024390
1 0.527709 0.330623 0.065271 0.027100
1 0.171798 0.314363 0.016010 0.121951
1 0.018781 0.016260 0.037562 0.032520
1 0.087438 0.605691 0.014778 0.027100
1 0.171490 0.238482 0.015394 0.273713
1 0.799569 0.460027 0.080665 0.025745
1 0.171798 0.314363 0.016010 0.121951
1 0.456897 0.250678 0.064039 0.246612
1 0.392241 0.598238 0.006158 0.042005
1 0.846675 0.245257 0.077586 0.260163
1 0.862069 0.551491 0.006158 0.032520
1 0.178264 0.698509 0.000616 0.004065
1 0.103756 0.524390 0.021552 0.016260
1 0.825431 0.159214 0.014163 0.036585
1 0.168411 0.246612 0.005542 0.010840
1 0.851293 0.768293 0.021552 0.018970
1 0.293719 0.264905 0.008621 0.028455
1 0.273707 0.449187 0.068350 0.020325
1 0.489532 0.481707 0.013547 0.023035
1 0.449200 0.506098 0.006773 0.009485
1 0.205049 0.906504 0.060345 0.024390
1 0.801724 0.641599 0.006158 0.031165
1 0.722291 0.714092 0.012315 0.016260
1 0.329433 0.521680 0.016010 0.032520
1 0.169027 0.221545 0.008005 0.063686
1 0.355296 0.449864 0.231527 0.021680
1 0.126232 0.444444 0.002463 0.002710
1 0.467057 0.770325 0.057266 0.004065
