0 0.515054 0.487569 0.952688 0.930939
1 0.192473 0.227901 0.204301 0.240331
1 0.194624 0.417127 0.204301 0.104972
1 0.831183 0.237569 0.200000 0.248619
1 0.889247 0.609116 0.032258 0.041436
1 0.744086 0.385359 0.025806 0.041436
1 0.431183 0.569061 0.036559 0.049724
1 0.809677 0.385359 0.032258 0.041436
0 0.500000 0.930939 1.000000 0.138122
1 0.812903 0.617403 0.034409 0.041436
1 0.775269 0.385359 0.032258 0.041436
1 0.853763 0.610497 0.034409 0.044199
1 0.667742 0.780387 0.083871 0.046961
1 0.846237 0.385359 0.032258 0.041436
1 0.777419 0.617403 0.032258 0.041436
1 0.921505 0.609116 0.027957 0.041436
1 0.441935 0.406077 0.045161 0.209945
1 0.265591 0.827348 0.002151 0.002762
1 0.581720 0.582873 0.023656 0.055249
1 0.194624 0.354972 0.204301 0.013812
1 0.248387 0.093923 0.191398 0.027624
1 0.458065 0.403315 0.012903 0.204420
1 0.476344 0.560773 0.023656 0.038674
1 0.745161 0.616022 0.027957 0.044199
1 0.392473 0.642265 0.019355 0.024862
1 0.108602 0.265193 0.053763 0.082873
1 0.392473 0.642265 0.015054 0.019337
1 0.887097 0.392265 0.032258 0.044199
1 0.433333 0.598066 0.040860 0.113260
1 0.834409 0.733425 0.202151 0.190608
1 0.509677 0.965470 0.064516 0.024862
1 0.373118 0.846685 0.032258 0.030387
1 0.240860 0.541436 0.043011 0.011050
1 0.349462 0.686464 0.058065 0.063536
1 0.408602 0.790055 0.094624 0.082873
1 0.533333 0.845304 0.030108 0.027624
1 0.480645 0.611878 0.015054 0.019337
1 0.396774 0.299724 0.010753 0.013812
1 0.831183 0.388122 0.200000 0.052486
1 0.704301 0.512431 0.036559 0.013812
1 0.579570 0.658840 0.036559 0.035912
1 0.018280 0.473757 0.019355 0.085635
1 0.832258 0.613260 0.206452 0.055249
1 0.540860 0.750000 0.062366 0.052486
1 0.539785 0.751381 0.012903 0.044199
1 0.324731 0.461326 0.043011 0.397790
1 0.452688 0.845304 0.027957 0.027624
1 0.668817 0.780387 0.086022 0.207182
1 0.543011 0.523481 0.015054 0.013812
1 0.610753 0.799724 0.030108 0.113260
1 0.886022 0.535912 0.021505 0.027624
1 0.268817 0.796961 0.060215 0.035912
1 0.534409 0.762431 0.139785 0.138122
1 0.556989 0.292818 0.017204 0.016575
1 0.240860 0.226519 0.017204 0.016575
1 0.410753 0.990331 0.021505 0.019337
1 0.421505 0.794199 0.034409 0.041436
1 0.326882 0.545580 0.034409 0.052486
