0 0.500000 0.498033 1.000000 0.996067
1 0.865246 0.320059 0.001967 0.004916
1 0.924262 0.410029 0.058361 0.147493
1 0.263934 0.368732 0.045246 0.043265
1 0.761311 0.362832 0.186230 0.055064
1 0.497049 0.255162 0.022295 0.183874
1 0.275738 0.876106 0.040000 0.058997
1 0.129180 0.368732 0.064262 0.043265
1 0.531475 0.362832 0.113443 0.055064
1 0.627869 0.362832 0.079344 0.055064
1 0.610820 0.514749 0.196066 0.246804
1 0.345246 0.480826 0.046557 0.070796
1 0.805902 0.276303 0.090492 0.117994
1 0.480328 0.522616 0.058361 0.195674
1 0.549836 0.520649 0.064918 0.217306
1 0.875082 0.362832 0.040000 0.055064
1 0.532131 0.821534 0.084590 0.148476
1 0.261311 0.876106 0.068852 0.058997
1 0.625902 0.593412 0.057049 0.091445
1 0.119016 0.843658 0.040000 0.121927
1 0.270492 0.417896 0.026885 0.043265
1 0.531148 0.277286 0.112787 0.226155
1 0.900000 0.456735 0.047869 0.122911
1 0.240984 0.875615 0.028197 0.058014
1 0.888852 0.605703 0.001967 0.003933
1 0.118689 0.806785 0.039344 0.048181
1 0.118689 0.867257 0.039344 0.072763
1 0.119344 0.710914 0.028852 0.049164
1 0.348525 0.885939 0.037377 0.037365
1 0.107213 0.760570 0.016393 0.026549
1 0.703607 0.687316 0.121967 0.090462
1 0.382623 0.658309 0.029508 0.032448
1 0.544590 0.832350 0.009836 0.020649
1 0.332131 0.597837 0.135738 0.037365
1 0.483934 0.871190 0.013115 0.070796
1 0.623607 0.777778 0.078689 0.255654
1 0.119672 0.567847 0.041311 0.343166
1 0.418689 0.717797 0.083279 0.031465
1 0.884262 0.330875 0.012459 0.002950
1 0.270492 0.477876 0.026885 0.043265
1 0.634426 0.880531 0.057049 0.050147
1 0.200984 0.372665 0.079344 0.035398
1 0.657705 0.747296 0.001311 0.001967
1 0.378033 0.253196 0.102951 0.028515
1 0.119016 0.462635 0.038689 0.118977
1 0.623607 0.823500 0.078689 0.164208
1 0.732787 0.687316 0.063607 0.090462
1 0.504590 0.881023 0.028197 0.027532
1 0.740984 0.313668 0.017049 0.027532
1 0.417705 0.482793 0.026230 0.021632
1 0.682623 0.453786 0.040656 0.117011
1 0.614426 0.695674 0.056393 0.091445
1 0.393443 0.870698 0.026230 0.067847
1 0.273443 0.597345 0.018361 0.034415
1 0.011148 0.010816 0.022295 0.021632
1 0.916066 0.735988 0.001311 0.000983
1 0.331803 0.597837 0.018361 0.033432
1 0.110164 0.761062 0.023607 0.043265
1 0.443934 0.330383 0.059016 0.116028
1 0.383934 0.543265 0.032131 0.034415
1 0.182623 0.556539 0.025574 0.021632
1 0.550492 0.692232 0.046557 0.025565
