0 0.764798 0.455746 0.395639 0.615588
1 0.262201 0.013210 0.524403 0.026420
1 0.058671 0.092470 0.117342 0.129458
1 0.896158 0.070674 0.116303 0.099075
1 0.876428 0.084544 0.155763 0.129458
1 0.768951 0.806473 0.179647 0.104359
1 0.920042 0.219947 0.043614 0.101717
1 0.465213 0.515852 0.035306 0.046235
1 0.025441 0.543593 0.034268 0.130779
1 0.168744 0.830911 0.104881 0.129458
1 0.925753 0.696169 0.044652 0.084544
1 0.291277 0.507266 0.050883 0.081902
1 0.039979 0.205416 0.079958 0.088507
1 0.938733 0.330251 0.004154 0.013210
1 0.388889 0.196830 0.046729 0.031704
1 0.017653 0.544254 0.018692 0.129458
1 0.045171 0.935931 0.001038 0.001321
1 0.021807 0.739102 0.043614 0.051519
1 0.987020 0.007266 0.003115 0.001321
1 0.707684 0.561427 0.023884 0.031704
1 0.080997 0.542933 0.076843 0.340819
1 0.629803 0.062748 0.210800 0.125495
1 0.474039 0.690885 0.030114 0.026420
1 0.751817 0.388375 0.068536 0.013210
1 0.764798 0.261559 0.013499 0.182299
1 0.080478 0.740423 0.071651 0.048877
1 0.614746 0.645310 0.008307 0.025099
1 0.064382 0.542933 0.112150 0.343461
1 0.079439 0.921400 0.017653 0.011889
1 0.268951 0.310436 0.066459 0.060766
1 0.742991 0.075297 0.036345 0.150594
1 0.286085 0.496697 0.036345 0.031704
1 0.273105 0.947160 0.020768 0.010568
1 0.831776 0.673712 0.008307 0.015852
1 0.309969 0.809115 0.167186 0.096433
1 0.900831 0.373184 0.030114 0.025099
1 0.057632 0.739102 0.115265 0.051519
1 0.405504 0.348085 0.073728 0.033025
1 0.672897 0.663144 0.008307 0.018494
1 0.942887 0.668428 0.002077 0.002642
1 0.168744 0.897622 0.017653 0.009247
1 0.610592 0.264201 0.008307 0.023778
1 0.612669 0.449141 0.008307 0.021136
1 0.599169 0.510568 0.026999 0.019815
1 0.440291 0.141347 0.043614 0.047556
1 0.610592 0.263540 0.006231 0.022457
1 0.424714 0.309115 0.026999 0.031704
1 0.101246 0.568692 0.034268 0.056803
1 0.051402 0.827609 0.015576 0.101717
1 0.502077 0.885733 0.001038 0.014531
1 0.168744 0.547556 0.009346 0.022457
1 0.376428 0.704756 0.030114 0.085865
1 0.428868 0.348745 0.026999 0.031704
1 0.451194 0.310436 0.019730 0.026420
1 0.451194 0.898283 0.017653 0.010568
1 0.767394 0.612285 0.010384 0.040951
1 0.336449 0.782034 0.043614 0.055482
1 0.580478 0.429326 0.018692 0.076618
1 0.901350 0.472259 0.029076 0.025099
1 0.682243 0.560106 0.076843 0.036988
1 0.141745 0.568692 0.005192 0.043593
1 0.427310 0.103699 0.106957 0.122853
1 0.413811 0.637384 0.036345 0.048877
1 0.296989 0.825627 0.008307 0.031704
1 0.017134 0.840819 0.015576 0.075297
1 0.142264 0.413474 0.006231 0.042272
1 0.141745 0.626156 0.005192 0.042272
1 0.142264 0.511229 0.006231 0.042272
1 0.269470 0.172391 0.021807 0.022457
1 0.142264 0.479524 0.002077 0.005284
1 0.700935 0.509247 0.008307 0.019815
1 0.790758 0.621532 0.036345 0.046235
1 0.142264 0.463012 0.006231 0.043593
1 0.324507 0.201453 0.007269 0.017173
1 0.401350 0.196830 0.021807 0.031704
1 0.410696 0.735139 0.021807 0.027741
1 0.337487 0.171731 0.020768 0.021136
1 0.141745 0.675033 0.005192 0.042272
1 0.744548 0.533025 0.051921 0.027741
1 0.323468 0.602378 0.007269 0.021136
1 0.314123 0.922061 0.003115 0.005284
1 0.668224 0.371202 0.075805 0.034346
1 0.818276 0.085865 0.039460 0.126816
1 0.768432 0.816380 0.008307 0.052840
1 0.323468 0.646631 0.007269 0.019815
1 0.892523 0.210700 0.007269 0.033025
1 0.856698 0.244386 0.008307 0.015852
1 0.379024 0.257596 0.037383 0.044914
1 0.099169 0.249670 0.036345 0.177015
1 0.020768 0.659841 0.041537 0.104359
1 0.317238 0.556143 0.021807 0.031704
1 0.826584 0.611625 0.006231 0.010568
1 0.559190 0.539630 0.025961 0.038309
1 0.458463 0.738441 0.061267 0.021136
1 0.854621 0.361955 0.008307 0.018494
1 0.078920 0.426684 0.074766 0.108322
1 0.854621 0.333554 0.008307 0.017173
1 0.424195 0.529062 0.017653 0.025099
