0 0.747863 0.399827 0.467236 0.685169
1 0.289886 0.219861 0.097341 0.137901
1 0.915242 0.254120 0.101140 0.081526
1 0.853751 0.395490 0.044634 0.081526
1 0.812915 0.302689 0.058879 0.107546
1 0.854938 0.670425 0.244539 0.138768
1 0.913343 0.544232 0.098291 0.077190
1 0.391738 0.577190 0.040836 0.073721
1 0.725309 0.396791 0.039411 0.094536
1 0.766382 0.396357 0.041785 0.076323
1 0.590693 0.610147 0.124406 0.221162
1 0.067189 0.503036 0.002374 0.003469
1 0.076923 0.136600 0.074074 0.103209
1 0.056268 0.560711 0.028015 0.047702
1 0.259972 0.311795 0.038462 0.073721
1 0.084520 0.415004 0.021842 0.039029
1 0.954416 0.317866 0.021842 0.039029
1 0.780864 0.426713 0.070750 0.137034
1 0.458927 0.326106 0.029915 0.050304
1 0.052944 0.411969 0.028965 0.045100
1 0.101614 0.559410 0.031339 0.039896
1 0.438272 0.120555 0.071225 0.078057
1 0.747626 0.236340 0.030864 0.045967
1 0.151472 0.606245 0.054131 0.032958
1 0.102802 0.605811 0.029915 0.037294
1 0.231956 0.936253 0.000475 0.000867
1 0.788224 0.444926 0.056030 0.102342
1 0.426163 0.139636 0.024217 0.041631
1 0.204179 0.847355 0.122507 0.208153
1 0.300570 0.642671 0.068376 0.126626
1 0.057217 0.473547 0.035613 0.045100
1 0.562915 0.181266 0.035613 0.024284
1 0.693020 0.395056 0.025166 0.080659
1 0.747626 0.324371 0.030864 0.046834
1 0.542260 0.401561 0.038936 0.142238
1 0.216999 0.472246 0.029440 0.047702
1 0.747388 0.280139 0.032289 0.135299
1 0.151472 0.176496 0.022792 0.037294
1 0.428063 0.617520 0.082146 0.201214
1 0.438272 0.107979 0.071225 0.052905
1 0.948718 0.413703 0.031339 0.142238
1 0.470085 0.307025 0.003799 0.008673
1 0.652659 0.610581 0.141975 0.218560
1 0.815052 0.312229 0.044160 0.084996
1 0.574786 0.782307 0.005223 0.043365
1 0.361823 0.070252 0.059829 0.022550
1 0.235280 0.492628 0.009022 0.090199
1 0.151709 0.121856 0.022317 0.035559
1 0.217236 0.106245 0.028015 0.047702
1 0.941833 0.413270 0.048908 0.143105
1 0.203941 0.802689 0.103989 0.117086
1 0.054368 0.241977 0.028965 0.026019
1 0.542498 0.379879 0.037512 0.098873
1 0.136990 0.250650 0.028015 0.093669
1 0.621320 0.345186 0.040361 0.041631
1 0.928300 0.390720 0.021842 0.037294
1 0.546296 0.450997 0.029915 0.043365
1 0.242403 0.398526 0.022317 0.096271
1 0.203704 0.752385 0.047483 0.054640
1 0.427588 0.686036 0.081197 0.060711
1 0.429250 0.325239 0.030389 0.050304
1 0.443495 0.391154 0.060779 0.050304
1 0.652659 0.517780 0.035613 0.036427
1 0.747151 0.126626 0.461064 0.138768
1 0.235280 0.657849 0.009022 0.125759
1 0.220798 0.491327 0.037037 0.087598
1 0.151472 0.069818 0.057930 0.021683
1 0.274929 0.405898 0.034188 0.062446
1 0.172127 0.225065 0.014720 0.030356
1 0.441121 0.358196 0.065527 0.116219
1 0.359924 0.496097 0.017094 0.029488
1 0.397673 0.905898 0.038462 0.063313
1 0.173314 0.530789 0.012346 0.027754
1 0.449905 0.586730 0.037512 0.137901
1 0.704179 0.219861 0.035138 0.047702
1 0.060066 0.294883 0.044160 0.079792
1 0.458927 0.392888 0.029915 0.046834
1 0.286087 0.684302 0.022317 0.039896
1 0.217474 0.186470 0.028490 0.112749
1 0.712488 0.396357 0.065052 0.093669
1 0.087844 0.359931 0.018993 0.013877
1 0.747863 0.280139 0.030389 0.041631
1 0.203466 0.939722 0.066952 0.026886
1 0.204179 0.904163 0.071225 0.092801
1 0.366572 0.200781 0.017094 0.035559
1 0.286562 0.593669 0.023267 0.030356
1 0.948243 0.460538 0.029440 0.048569
1 0.704179 0.228101 0.031339 0.031223
1 0.078585 0.561578 0.009022 0.032090
1 0.142688 0.191240 0.041311 0.214224
